tau,r,phi,dt/dtau,dr/dtau,dphi/dtau
0.0,6.0,0.0,1.4142135623729999,0.0,0.09622504486472222
0.2503128911138924,5.999999999999996,0.024086369177652642,1.4142135623730006,-4.0259794113804926e-14,0.09622504486472237
0.5006257822277848,5.9999999999999805,0.04817273835530536,1.4142135623730023,-8.051760627814774e-14,0.09622504486472286
0.7509386733416772,5.999999999999957,0.0722591075329582,1.414213562373005,-1.2077552676653498e-13,0.09622504486472361
1.0012515644555695,5.999999999999878,0.0963454767106166,1.414213562373014,-1.6103038417465103e-13,0.09622504486472612
1.2515644555694618,5.999999999999719,0.12043184588828548,1.414213562373033,-2.012863901848783e-13,0.09622504486473125
1.5018773466833544,5.9999999999995595,0.1445182150659543,1.4142135623730518,-2.4154239619510557e-13,0.09622504486473638
1.7521902377972467,5.9999999999994,0.16860458424362312,1.4142135623730707,-2.8179840220533274e-13,0.09622504486474151
2.002503128911139,5.99999999999924,0.19269095342129197,1.4142135623730896,-3.2205440821556006e-13,0.09622504486474663
2.2528160200250316,5.99999999999908,0.21677732259896082,1.4142135623731085,-3.6231041422578733e-13,0.09622504486475177
2.5031289111389237,5.99999999999892,0.2408636917766296,1.4142135623731271,-4.0256642023601454e-13,0.09622504486475689
2.753441802252816,5.99999999999876,0.26495006095429846,1.414213562373146,-4.428224262462418e-13,0.09622504486476202
3.0037546933667088,5.9999999999986,0.2890364301319673,1.4142135623731649,-4.830784322564691e-13,0.09622504486476714
3.254067584480601,5.99999999999844,0.3131227993096361,1.4142135623731837,-5.233344382666963e-13,0.09622504486477228
3.5043804755944934,5.9999999999982805,0.337209168487305,1.4142135623732026,-5.635904442769235e-13,0.0962250448647774
3.7546933667083855,5.999999999998121,0.36129553766497374,1.4142135623732215,-6.038464502871507e-13,0.09622504486478252
4.005006257822278,5.999999999997944,0.3853819068426464,1.414213562373242,-6.441022214763302e-13,0.09622504486478818
4.25531914893617,5.9999999999976605,0.4094682760203429,1.4142135623732754,-6.843564905919631e-13,0.09622504486479726
4.505632040050063,5.999999999997378,0.4335546451980395,1.4142135623733088,-7.246107597075963e-13,0.09622504486480633
4.755944931163955,5.999999999997096,0.457641014375736,1.414213562373342,-7.648650288232292e-13,0.0962250448648154
5.006257822277847,5.999999999996812,0.48172738355343253,1.4142135623733754,-8.051192979388621e-13,0.09622504486482447
5.25657071339174,5.99999999999653,0.5058137527311292,1.4142135623734087,-8.453735670544953e-13,0.09622504486483355
5.506883604505632,5.999999999996247,0.5299001219088256,1.414213562373442,-8.856278361701283e-13,0.09622504486484261
5.7571964956195245,5.999999999995964,0.5539864910865222,1.4142135623734753,-9.258821052857613e-13,0.09622504486485169
6.0075093867334175,5.999999999995681,0.5780728602642188,1.4142135623735086,-9.661363744013944e-13,0.09622504486486076
6.25782227784731,5.999999999995398,0.6021592294419152,1.414213562373542,-1.0063906435170274e-12,0.09622504486486982
6.508135168961202,5.999999999995116,0.6262455986196118,1.4142135623735754,-1.0466449126326604e-12,0.0962250448648789
6.758448060075094,5.999999999994833,0.6503319677973083,1.4142135623736087,-1.0868991817482934e-12,0.09622504486488798
7.008760951188987,5.99999999999455,0.6744183369750049,1.414213562373642,-1.1271534508639264e-12,0.09622504486489704
7.259073842302879,5.999999999994152,0.6985047061527385,1.414213562373689,-1.167410956467974e-12,0.09622504486490979
7.509386733416771,5.999999999993746,0.7225910753304748,1.4142135623737369,-1.2076686993727952e-12,0.09622504486492281
7.759699624530664,5.99999999999334,0.7466774445082112,1.4142135623737846,-1.2479264422776168e-12,0.09622504486493583
8.010012515644556,5.9999999999929345,0.7707638136859475,1.4142135623738323,-1.2881841851824383e-12,0.09622504486494884
8.260325406758449,5.999999999992529,0.7948501828636838,1.4142135623738803,-1.3284419280872598e-12,0.09622504486496186
8.51063829787234,5.999999999992124,0.81893655204142,1.414213562373928,-1.3686996709920812e-12,0.09622504486497488
8.760951188986233,5.999999999991718,0.8430229212191563,1.414213562373976,-1.4089574138969027e-12,0.0962250448649879
9.011264080100126,5.999999999991312,0.8671092903968928,1.4142135623740237,-1.4492151568017242e-12,0.0962250448650009
9.261576971214017,5.999999999990906,0.8911956595746289,1.4142135623740715,-1.4894728997065455e-12,0.09622504486501392
9.51188986232791,5.9999999999905,0.9152820287523653,1.4142135623741194,-1.529730642611367e-12,0.09622504486502693
9.762202753441803,5.999999999990094,0.9393683979301016,1.4142135623741672,-1.5699883855161886e-12,0.09622504486503995
10.012515644555695,5.999999999989688,0.9634547671078378,1.414213562374215,-1.61024612842101e-12,0.09622504486505297
10.262828535669588,5.999999999989193,0.987541136285612,1.4142135623742733,-1.6505051360986034e-12,0.09622504486506887
10.51314142678348,5.999999999988663,1.0116275054634003,1.4142135623743357,-1.6907646158980192e-12,0.09622504486508583
10.763454317897372,5.999999999988135,1.0357138746411882,1.414213562374398,-1.7310240956974346e-12,0.09622504486510279
11.013767209011265,5.999999999987606,1.0598002438189764,1.4142135623744603,-1.7712835754968503e-12,0.09622504486511975
11.264080100125158,5.999999999987077,1.0838866129967646,1.4142135623745227,-1.8115430552962661e-12,0.09622504486513671
11.514392991239049,5.9999999999865485,1.1079729821745525,1.414213562374585,-1.8518025350956817e-12,0.09622504486515367
11.764705882352942,5.99999999998602,1.1320593513523407,1.4142135623746472,-1.8920620148950973e-12,0.09622504486517063
12.015018773466835,5.999999999985491,1.1561457205301289,1.4142135623747096,-1.9323214946945133e-12,0.0962250448651876
12.265331664580726,5.999999999984962,1.1802320897079168,1.414213562374772,-1.972580974493929e-12,0.09622504486520456
12.51564455569462,5.999999999984434,1.204318458885705,1.4142135623748342,-2.0128404542933444e-12,0.09622504486522152
12.76595744680851,5.999999999983904,1.228404828063493,1.4142135623748966,-2.05309993409276e-12,0.09622504486523847
13.016270337922403,5.999999999983376,1.252491197241281,1.414213562374959,-2.0933594138921756e-12,0.09622504486525543
13.266583229036296,5.999999999982095,1.2765775664194599,1.41421356237511,-2.1335976583048957e-12,0.09622504486529651
13.516896120150188,5.999999999981556,1.3006639355972531,1.4142135623751735,-2.1738568464261023e-12,0.0962250448653138
13.76720901126408,5.999999999981007,1.3247503047750517,1.414213562375238,-2.214115749892334e-12,0.09622504486533141
14.017521902377974,5.999999999980448,1.348836673952856,1.414213562375304,-2.25437436870359e-12,0.09622504486534936
14.267834793491865,5.999999999979878,1.372923043130665,1.414213562375371,-2.2946327028598698e-12,0.0962250448653676
14.518147684605758,5.999999999979299,1.3970094123084793,1.4142135623754395,-2.3348907523611745e-12,0.0962250448653862
14.76846057571965,5.9999999999787095,1.421095781486299,1.414213562375509,-2.3751485172075034e-12,0.0962250448654051
15.018773466833542,5.99999999997811,1.4451821506641238,1.4142135623755796,-2.4154059973988565e-12,0.09622504486542434
15.269086357947435,5.999999999977501,1.469268519841954,1.4142135623756515,-2.4556631929352345e-12,0.09622504486544389
15.519399249061328,5.999999999976881,1.4933548890197894,1.4142135623757246,-2.4959201038166366e-12,0.09622504486546377
15.76971214017522,5.999999999976251,1.5174412581976298,1.4142135623757988,-2.536176730043063e-12,0.09622504486548397
16.020025031289112,5.9999999999756115,1.5415276273754757,1.414213562375874,-2.576433071614514e-12,0.0962250448655045
16.270337922403005,5.999999999974961,1.5656139965533267,1.4142135623759509,-2.61668916410913e-12,0.09622504486552534
16.520650813516898,5.999999999974301,1.5897003657311837,1.4142135623760286,-2.6569455028538726e-12,0.0962250448655465
16.770963704630788,5.999999999973631,1.6137867349090462,1.4142135623761076,-2.697202246796693e-12,0.096225044865568
17.02127659574468,5.9999999999729505,1.6378731040869148,1.4142135623761878,-2.737459395937593e-12,0.09622504486558982
17.271589486858574,5.99999999997226,1.6619594732647895,1.414213562376269,-2.7777169502765706e-12,0.09622504486561197
17.521902377972467,5.99999999997156,1.68604584244267,1.4142135623763517,-2.8179749098136275e-12,0.09622504486563442
17.77221526908636,5.99999999997085,1.7101322116205566,1.4142135623764354,-2.8582332745487624e-12,0.09622504486565721
18.022528160200253,5.999999999970129,1.7342185807984491,1.4142135623765202,-2.8984920444819764e-12,0.09622504486568033
18.272841051314142,5.999999999969399,1.758304949976347,1.4142135623766063,-2.9387512196132683e-12,0.09622504486570375
18.523153942428035,5.999999999968658,1.7823913191542515,1.4142135623766936,-2.979010799942639e-12,0.09622504486572751
18.773466833541928,5.9999999999679074,1.8064776883321616,1.4142135623767822,-3.0192707854700886e-12,0.09622504486575159
19.02377972465582,5.999999999967146,1.830564057510078,1.414213562376872,-3.0595311761956167e-12,0.09622504486577599
19.274092615769714,5.999999999966375,1.854650426688,1.4142135623769627,-3.099791972119223e-12,0.09622504486580072
19.524405506883607,5.999999999965595,1.8787367958659278,1.4142135623770546,-3.1400531732409083e-12,0.09622504486582577
19.774718397997496,5.999999999964803,1.9028231650438614,1.414213562377148,-3.1803147795606714e-12,0.09622504486585114
20.02503128911139,5.999999999964002,1.9269095342218012,1.4142135623772423,-3.220576791078514e-12,0.09622504486587684
20.275344180225282,5.999999999963191,1.950995903399747,1.414213562377338,-3.260839207794435e-12,0.09622504486590286
20.525657071339175,5.9999999999623705,1.9750822725776989,1.4142135623774348,-3.3011020188458684e-12,0.0962250448659292
20.77596996245307,5.999999999961539,1.9991686417556576,1.4142135623775327,-3.341364767291867e-12,0.09622504486595587
21.02628285356696,5.999999999960698,2.0232550109336236,1.414213562377632,-3.3816272118393073e-12,0.09622504486598285
21.27659574468085,5.999999999959846,2.0473413801115963,1.4142135623777323,-3.4218893524881877e-12,0.09622504486601016
21.526908635794744,5.999999999958985,2.071427749289577,1.4142135623778338,-3.46215118923851e-12,0.0962250448660378
21.777221526908637,5.999999999958113,2.0955141184675647,1.4142135623779364,-3.502412722090273e-12,0.09622504486606576
22.02753441802253,5.9999999999572315,2.1196004876455596,1.4142135623780403,-3.542673951043477e-12,0.09622504486609404
22.277847309136423,5.99999999995634,2.143686856823562,1.4142135623781456,-3.5829348760981226e-12,0.09622504486612264
22.528160200250316,5.999999999955437,2.167773226001572,1.4142135623782517,-3.623195497254209e-12,0.09622504486615158
22.778473091364205,5.999999999954525,2.1918595951795887,1.4142135623783592,-3.663455814511736e-12,0.09622504486618083
23.028785982478098,5.999999999953603,2.215945964357613,1.414213562378468,-3.703715827870705e-12,0.0962250448662104
23.27909887359199,5.999999999952672,2.2400323335356447,1.4142135623785779,-3.743975537331114e-12,0.0962250448662403
23.529411764705884,5.999999999951729,2.264118702713684,1.414213562378689,-3.784234942892965e-12,0.09622504486627052
23.779724655819777,5.999999999950777,2.2882050718917304,1.414213562378801,-3.8244940445562564e-12,0.09622504486630107
24.03003754693367,5.999999999949814,2.312291441069784,1.4142135623789145,-3.86475284232099e-12,0.09622504486633193
24.28035043804756,5.999999999948842,2.3363778102478445,1.414213562379029,-3.905011336187163e-12,0.09622504486636313
24.530663329161452,5.9999999999478595,2.3604641794259127,1.4142135623791448,-3.9452695261547784e-12,0.09622504486639465
24.780976220275345,5.9999999999468665,2.3845505486039884,1.414213562379262,-3.9855274124777905e-12,0.09622504486642647
25.03128911138924,5.999999999945864,2.408636917782072,1.4142135623793801,-4.025785316116937e-12,0.09622504486645864
25.28160200250313,5.999999999944851,2.4327232869601643,1.4142135623794996,-4.0660435236546415e-12,0.09622504486649111
25.53191489361702,5.999999999943828,2.456809656138265,1.41421356237962,-4.106302035090905e-12,0.09622504486652392
25.782227784730914,5.999999999942795,2.4808960253163748,1.4142135623797418,-4.1465608504257275e-12,0.09622504486655706
26.032540675844807,5.999999999941752,2.504982394494493,1.4142135623798646,-4.186819969659109e-12,0.0962250448665905
26.2828535669587,5.999999999940699,2.5290687636726203,1.4142135623799887,-4.227079392791049e-12,0.09622504486662428
26.533166458072593,5.999999999939636,2.553155132850756,1.414213562380114,-4.267339119821549e-12,0.09622504486665838
26.783479349186486,5.999999999938563,2.5772415020289006,1.4142135623802405,-4.307599150750608e-12,0.09622504486669281
27.033792240300375,5.999999999937479,2.6013278712070536,1.4142135623803682,-4.347859485578224e-12,0.09622504486672756
27.284105131414268,5.999999999936386,2.6254142403852154,1.414213562380497,-4.3881201243044e-12,0.09622504486676263
27.53441802252816,5.999999999935283,2.649500609563386,1.4142135623806271,-4.428381066929135e-12,0.09622504486679802
27.784730913642054,5.999999999934169,2.673586978741566,1.4142135623807583,-4.468642313452429e-12,0.09622504486683374
28.035043804755947,5.999999999933046,2.697673347919754,1.4142135623808907,-4.508903863874282e-12,0.09622504486686978
28.28535669586984,5.999999999931912,2.7217597170979504,1.4142135623810244,-4.549165718194694e-12,0.09622504486690614
28.53566958698373,5.999999999930768,2.745846086276156,1.4142135623811591,-4.589427876413664e-12,0.09622504486694282
28.785982478097623,5.9999999999296145,2.7699324554543696,1.414213562381295,-4.629690338531194e-12,0.09622504486697983
29.036295369211516,5.99999999992845,2.7940188246325928,1.4142135623814323,-4.669953104547283e-12,0.09622504486701716
29.28660826032541,5.999999999927277,2.818105193810825,1.4142135623815706,-4.710216016576683e-12,0.09622504486705483
29.5369211514393,5.999999999926093,2.842191562989067,1.4142135623817103,-4.750478830090419e-12,0.09622504486709281
29.787234042553195,5.999999999924898,2.8662779321673195,1.414213562381851,-4.7907415423046365e-12,0.09622504486713111
30.037546933667084,5.999999999923694,2.8903643013455813,1.414213562381993,-4.8310041532193335e-12,0.09622504486716973
30.287859824780977,5.99999999992248,2.9144506705238538,1.414213562382136,-4.871266662834511e-12,0.09622504486720869
30.53817271589487,5.999999999921256,2.9385370397021364,1.4142135623822802,-4.911529071150169e-12,0.09622504486724796
30.788485607008763,5.999999999920021,2.962623408880429,1.4142135623824257,-4.951791378166308e-12,0.09622504486728756
31.038798498122656,5.999999999918776,2.9867097780587315,1.4142135623825725,-4.992053583882927e-12,0.09622504486732747
31.28911138923655,5.999999999917522,3.0107961472370444,1.4142135623827203,-5.032315688300026e-12,0.09622504486736772
31.53942428035044,5.999999999916257,3.034882516415367,1.4142135623828693,-5.072577691417605e-12,0.09622504486740828
31.78973717146433,5.999999999914983,3.0589688855937,1.4142135623830197,-5.112839593235666e-12,0.09622504486744916
32.040050062578224,5.9999999999136975,3.083055254772043,1.414213562383171,-5.153101393754206e-12,0.09622504486749038
32.29036295369212,5.9999999999124025,3.107141623950396,1.4142135623833236,-5.1933630929732265e-12,0.09622504486753192
32.54067584480601,5.999999999911098,3.1312279931287597,1.4142135623834773,-5.233624690892728e-12,0.09622504486757377
32.7909887359199,5.999999999909782,3.155314362307133,1.4142135623836323,-5.2738861875127095e-12,0.09622504486761596
33.041301627033796,5.999999999908457,3.1794007314855164,1.4142135623837886,-5.314147582833171e-12,0.09622504486765845
33.29161451814769,5.999999999907122,3.2034871006639096,1.4142135623839458,-5.354408876854113e-12,0.09622504486770128
33.541927409261575,5.999999999905777,3.227573469842313,1.4142135623841046,-5.394670179516721e-12,0.09622504486774444
33.79224030037547,5.999999999904421,3.2516598390207285,1.4142135623842642,-5.434931772027052e-12,0.0962250448677879
34.04255319148936,5.999999999903056,3.275746208199155,1.4142135623844252,-5.4751936684359425e-12,0.0962250448678317
34.292866082603254,5.99999999990168,3.2998325773775936,1.4142135623845873,-5.515455868743391e-12,0.09622504486787584
34.54317897371715,5.999999999900295,3.3239189465560433,1.4142135623847507,-5.555718372949399e-12,0.09622504486792027
34.79349186483104,5.9999999998988995,3.348005315734505,1.414213562384915,-5.5959811810539665e-12,0.09622504486796504
35.04380475594493,5.9999999998974936,3.3720916849129776,1.414213562385081,-5.636244293057092e-12,0.09622504486801013
35.294117647058826,5.999999999896078,3.396178054091462,1.4142135623852476,-5.676507708958777e-12,0.09622504486805554
35.54443053817272,5.999999999894651,3.4202644232699573,1.4142135623854157,-5.716771428759021e-12,0.09622504486810128
35.79474342928661,5.999999999893215,3.4443507924484646,1.414213562385585,-5.7570354524578235e-12,0.09622504486814734
36.045056320400505,5.999999999891769,3.4684371616269836,1.4142135623857555,-5.797299780055185e-12,0.09622504486819372
36.2953692115144,5.9999999998903135,3.4925235308055136,1.4142135623859269,-5.837564411551106e-12,0.09622504486824043
36.545682102628284,5.999999999888847,3.5166098999840547,1.4142135623860999,-5.877829346945584e-12,0.09622504486828747
36.79599499374218,5.999999999887371,3.540696269162608,1.4142135623862737,-5.918094586238622e-12,0.09622504486833482
37.04630788485607,5.999999999885884,3.564782638341172,1.414213562386449,-5.95836012943022e-12,0.0962250448683825
37.29662077596996,5.999999999884388,3.5888690075197482,1.4142135623866252,-5.998625976520376e-12,0.09622504486843049
37.546933667083856,5.999999999882881,3.612955376698336,1.4142135623868028,-6.038892127509091e-12,0.09622504486847881
37.79724655819775,5.999999999881364,3.637041745876935,1.4142135623869816,-6.079158441097254e-12,0.09622504486852747
38.04755944931164,5.9999999998798375,3.6611281150555466,1.4142135623871614,-6.119424316128314e-12,0.09622504486857643
38.297872340425535,5.999999999878301,3.6852144842341716,1.4142135623873426,-6.159689684661774e-12,0.09622504486862572
38.54818523153943,5.999999999876754,3.7093008534128096,1.414213562387525,-6.199954546697636e-12,0.09622504486867534
38.79849812265332,5.999999999875197,3.73338722259146,1.4142135623877083,-6.2402189022359e-12,0.09622504486872528
39.048811013767214,5.99999999987363,3.7574735917701236,1.414213562387893,-6.2804827512765666e-12,0.09622504486877555
39.29912390488111,5.999999999872053,3.7815599609487998,1.414213562388079,-6.320746093819634e-12,0.09622504486882613
39.54943679599499,5.999999999870465,3.8056463301274883,1.414213562388266,-6.361008929865103e-12,0.09622504486887704
39.799749687108886,5.9999999998688684,3.82973269930619,1.4142135623884542,-6.401271259412974e-12,0.09622504486892827
40.05006257822278,5.999999999867261,3.8538190684849054,1.4142135623886436,-6.441533082463247e-12,0.09622504486897983
40.30037546933667,5.9999999998656435,3.877905437663633,1.4142135623888343,-6.481794399015922e-12,0.0962250448690317
40.550688360450565,5.999999999864016,3.9019918068423736,1.4142135623890262,-6.5220552090709985e-12,0.09622504486908391
40.80100125156446,5.9999999998623785,3.926078176021127,1.4142135623892191,-6.562315512628478e-12,0.09622504486913644
41.05131414267835,5.999999999860731,3.9501645451998937,1.4142135623894132,-6.6025753096883574e-12,0.09622504486918929
41.30162703379224,5.999999999859073,3.974250914378673,1.4142135623896086,-6.6428346002506395e-12,0.09622504486924245
41.55193992490614,5.999999999857406,3.998337283557465,1.4142135623898051,-6.683093384315324e-12,0.09622504486929595
41.80225281602003,5.999999999855728,4.02242365273627,1.414213562390003,-6.72335166188241e-12,0.09622504486934977
42.05256570713392,5.999999999854039,4.046510021915087,1.414213562390202,-6.763609492967423e-12,0.09622504486940392
42.30287859824781,5.999999999852341,4.070596391093919,1.414213562390402,-6.80386733153883e-12,0.09622504486945838
42.5531914893617,5.999999999850633,4.094682760272765,1.4142135623906034,-6.844125271409758e-12,0.09622504486951317
42.803504380475594,5.999999999848915,4.118769129451626,1.4142135623908059,-6.8843833125802055e-12,0.09622504486956827
43.05381727158949,5.999999999847186,4.1428554986305,1.4142135623910095,-6.924641455050172e-12,0.09622504486962372
43.30413016270338,5.999999999845448,4.166941867809389,1.4142135623912144,-6.964899698819659e-12,0.09622504486967948
43.55444305381727,5.9999999998437,4.191028236988292,1.4142135623914205,-7.005158043888665e-12,0.09622504486973556
43.804755944931166,5.9999999998419415,4.2151146061672105,1.4142135623916277,-7.045416490257191e-12,0.09622504486979196
44.05506883604506,5.999999999840172,4.239200975346142,1.4142135623918362,-7.085675037925236e-12,0.09622504486984869
44.30538172715895,5.999999999838394,4.263287344525088,1.4142135623920458,-7.125933686892801e-12,0.09622504486990574
44.555694618272845,5.999999999836605,4.287373713704048,1.4142135623922565,-7.1661924371598866e-12,0.09622504486996311
44.80600750938674,5.999999999834807,4.3114600828830225,1.4142135623924685,-7.2064512887264905e-12,0.09622504487002081
45.05632040050063,5.999999999832998,4.335546452062012,1.4142135623926817,-7.246710241592615e-12,0.09622504487007884
45.30663329161452,5.999999999831179,4.359632821241013,1.4142135623928962,-7.286969295758257e-12,0.09622504487013718
45.55694618272841,5.99999999982935,4.383719190420031,1.4142135623931116,-7.327228451223421e-12,0.09622504487019584
45.8072590738423,5.99999999982751,4.407805559599063,1.4142135623933285,-7.367487707988104e-12,0.09622504487025484
46.057571964956196,5.999999999825661,4.431891928778108,1.4142135623935463,-7.407747066052306e-12,0.09622504487031415
46.30788485607009,5.999999999823802,4.455978297957168,1.4142135623937655,-7.448006529921923e-12,0.09622504487037378
46.55819774718398,5.999999999821933,4.480064667136244,1.4142135623939858,-7.488266171448991e-12,0.09622504487043373
46.808510638297875,5.999999999820053,4.504151036315335,1.4142135623942074,-7.528526015575098e-12,0.09622504487049402
47.05882352941177,5.999999999818164,4.528237405494441,1.4142135623944299,-7.568786062300245e-12,0.09622504487055462
47.30913642052566,5.999999999816264,4.552323774673564,1.414213562394654,-7.60904631162443e-12,0.09622504487061556
47.559449311639554,5.999999999814355,4.576410143852701,1.4142135623948788,-7.649306763547656e-12,0.09622504487067682
47.80976220275345,5.9999999998124345,4.600496513031855,1.414213562395105,-7.68956741806992e-12,0.0962250448707384
48.06007509386734,5.999999999810505,4.624582882211024,1.4142135623953325,-7.729828275191223e-12,0.09622504487080029
48.310387984981226,5.999999999808565,4.648669251390208,1.4142135623955612,-7.770089334911566e-12,0.09622504487086252
48.56070087609512,5.999999999806615,4.672755620569409,1.414213562395791,-7.810350597230947e-12,0.09622504487092506
48.81101376720901,5.999999999804655,4.696841989748625,1.414213562396022,-7.850612062149369e-12,0.09622504487098793
49.061326658322905,5.999999999802685,4.720928358927857,1.4142135623962542,-7.89087372966683e-12,0.09622504487105112
49.3116395494368,5.999999999800704,4.745014728107104,1.4142135623964875,-7.93113559978333e-12,0.09622504487111463
49.56195244055069,5.999999999798714,4.769101097286367,1.414213562396722,-7.97139767249887e-12,0.09622504487117847
49.812265331664584,5.999999999796714,4.793187466465646,1.4142135623969578,-8.011659947813448e-12,0.09622504487124264
50.06257822277848,5.999999999794704,4.81727383564494,1.4142135623971948,-8.051922425727066e-12,0.09622504487130712
50.31289111389237,5.999999999792683,4.84136020482425,1.414213562397433,-8.092185106239723e-12,0.09622504487137193
50.56320400500626,5.999999999790653,4.865446574003576,1.4142135623976724,-8.132447987006803e-12,0.09622504487143706
50.813516896120156,5.999999999788612,4.889532943182918,1.4142135623979128,-8.172710940595408e-12,0.09622504487150252
51.06382978723404,5.999999999786561,4.913619312362276,1.4142135623981544,-8.212973894184012e-12,0.0962250448715683
51.314142678347935,5.9999999997845,4.937705681541653,1.4142135623983974,-8.253236847772616e-12,0.0962250448716344
51.56445556946183,5.999999999782429,4.961792050721046,1.4142135623986414,-8.29349980136122e-12,0.09622504487170082
51.81476846057572,5.999999999780348,4.985878419900456,1.4142135623988867,-8.333762754949824e-12,0.09622504487176757
52.065081351689614,5.999999999778257,5.009964789079883,1.4142135623991332,-8.374025708538428e-12,0.09622504487183464
52.31539424280351,5.999999999776156,5.034051158259327,1.4142135623993808,-8.414288662127032e-12,0.09622504487190203
52.5657071339174,5.999999999774045,5.058137527438789,1.4142135623996295,-8.454551615715636e-12,0.09622504487196976
52.81602002503129,5.999999999771924,5.082223896618268,1.4142135623998795,-8.49481456930424e-12,0.0962250448720378
53.066332916145186,5.999999999769792,5.106310265797763,1.4142135624001309,-8.535077522892844e-12,0.09622504487210616
53.31664580725908,5.999999999767651,5.130396634977275,1.414213562400383,-8.575340476481449e-12,0.09622504487217486
53.56695869837297,5.999999999765499,5.154483004156805,1.4142135624006367,-8.615603430070053e-12,0.09622504487224386
53.817271589486865,5.999999999763338,5.178569373336351,1.4142135624008914,-8.655866383658657e-12,0.09622504487231319
54.06758448060075,5.999999999761166,5.202655742515914,1.4142135624011474,-8.696129337247261e-12,0.09622504487238286
54.31789737171464,5.999999999758984,5.226742111695494,1.4142135624014045,-8.736392290835865e-12,0.09622504487245283
54.568210262828536,5.999999999756792,5.250828480875091,1.4142135624016627,-8.776655244424469e-12,0.09622504487252313
54.81852315394243,5.99999999975459,5.2749148500547065,1.4142135624019223,-8.816918198011246e-12,0.09622504487259376
55.06883604505632,5.9999999997523785,5.299001219234339,1.414213562402183,-8.857181100341543e-12,0.09622504487266471
55.319148936170215,5.999999999750156,5.32308758841399,1.4142135624024448,-8.897443901372322e-12,0.09622504487273599
55.56946182728411,5.999999999747924,5.347173957593658,1.414213562402708,-8.937706601103583e-12,0.09622504487280759
55.819774718398,5.999999999745682,5.371260326773346,1.4142135624029721,-8.977969199535323e-12,0.0962250448728795
56.070087609511894,5.999999999743429,5.395346695953052,1.4142135624032377,-9.018231696667543e-12,0.09622504487295175
56.32040050062579,5.999999999741167,5.419433065132776,1.4142135624035042,-9.058494092500243e-12,0.09622504487302432
56.57071339173968,5.999999999738894,5.443519434312519,1.4142135624037722,-9.098756387033424e-12,0.0962250448730972
56.821026282853566,5.999999999736612,5.467605803492279,1.414213562404041,-9.139018580267084e-12,0.09622504487317042
57.07133917396746,5.999999999734319,5.4916921726720584,1.4142135624043113,-9.179280672201226e-12,0.09622504487324396
57.32165206508135,5.999999999732017,5.515778541851857,1.4142135624045826,-9.219542662835847e-12,0.09622504487331782
57.571964956195245,5.999999999729704,5.539864911031673,1.4142135624048553,-9.259804552170951e-12,0.09622504487339201
57.82227784730914,5.999999999727381,5.563951280211508,1.4142135624051289,-9.300066340206533e-12,0.0962250448734665
58.07259073842303,5.999999999725048,5.588037649391361,1.414213562405404,-9.340328026942596e-12,0.09622504487354133
58.322903629536924,5.9999999997227045,5.612124018571232,1.41421356240568,-9.38058961237914e-12,0.0962250448736165
58.57321652065082,5.999999999720352,5.636210387751123,1.4142135624059573,-9.420851096516162e-12,0.09622504487369196
58.82352941176471,5.999999999717988,5.660296756931031,1.4142135624062357,-9.461112479353667e-12,0.09622504487376776
59.0738423028786,5.999999999715615,5.684383126110958,1.4142135624065155,-9.501373760891651e-12,0.0962250448738439
59.324155193992496,5.999999999713232,5.708469495290903,1.4142135624067964,-9.541634978580117e-12,0.09622504487392033
59.57446808510639,5.999999999710838,5.73255586447087,1.4142135624070786,-9.581896195274127e-12,0.0962250448739971
59.824780976220275,5.999999999708435,5.7566422336508545,1.4142135624073617,-9.622157411968137e-12,0.0962250448740742
60.07509386733417,5.999999999706022,5.780728602830859,1.4142135624076462,-9.662418628662147e-12,0.09622504487415161
60.32540675844806,5.999999999703598,5.804814972010885,1.414213562407932,-9.702679845356157e-12,0.09622504487422935
60.575719649561954,5.999999999701164,5.828901341190929,1.4142135624082186,-9.742941062050165e-12,0.09622504487430741
60.82603254067585,5.99999999969872,5.852987710370994,1.4142135624085068,-9.783202278744175e-12,0.0962250448743858
61.07634543178974,5.999999999696266,5.877074079551078,1.414213562408796,-9.823463495438185e-12,0.09622504487446451
61.32665832290363,5.999999999693802,5.901160448731182,1.4142135624090864,-9.863724712132195e-12,0.09622504487454354
61.576971214017526,5.999999999691329,5.925246817911306,1.414213562409378,-9.903985928826205e-12,0.0962250448746229
61.82728410513142,5.9999999996888445,5.949333187091449,1.4142135624096706,-9.944247145520215e-12,0.09622504487470257
62.07759699624531,5.9999999996863504,5.9734195562716135,1.4142135624099645,-9.984508362214225e-12,0.09622504487478258
62.327909887359205,5.999999999683846,5.997505925451796,1.4142135624102596,-1.0024769578908235e-11,0.0962250448748629
62.5782227784731,5.999999999681331,6.021592294632,1.414213562410556,-1.0065030795602245e-11,0.09622504487494354
62.828535669586984,5.999999999678807,6.045678663812222,1.4142135624108536,-1.0105292012296254e-11,0.09622504487502452
63.07884856070088,5.999999999676272,6.069765032992465,1.4142135624111523,-1.0145553228990264e-11,0.09622504487510582
63.32916145181477,5.999999999673728,6.093851402172727,1.414213562411452,-1.0185814445684274e-11,0.09622504487518743
63.57947434292866,5.999999999671173,6.117937771353027,1.4142135624117531,-1.0226076084214621e-11,0.09622504487526938
63.829787234042556,5.999999999668608,6.142024140533355,1.4142135624120555,-1.0266337920856276e-11,0.09622504487535165
64.08010012515645,5.999999999666033,6.166110509713704,1.4142135624123588,-1.0306599791264366e-11,0.09622504487543423
64.33041301627034,5.999999999663449,6.190196878894074,1.4142135624126635,-1.0346861695438892e-11,0.09622504487551714
64.58072590738423,5.9999999996608535,6.214283248074465,1.4142135624129692,-1.038712363337985e-11,0.09622504487560038
64.83103879849813,5.9999999996582485,6.238369617254878,1.4142135624132763,-1.0427385605087244e-11,0.09622504487568394
65.08135168961202,5.999999999655634,6.262455986435311,1.4142135624135845,-1.0467647610561072e-11,0.09622504487576782
65.33166458072591,5.999999999653008,6.286542355615766,1.4142135624138938,-1.0507909649801336e-11,0.09622504487585203
65.5819774718398,5.999999999650373,6.310628724796242,1.4142135624142045,-1.0548171722808033e-11,0.09622504487593654
65.8322903629537,5.999999999647727,6.3347150939767385,1.4142135624145162,-1.0588433829581164e-11,0.0962250448760214
66.08260325406759,5.999999999645072,6.358801463157257,1.4142135624148293,-1.062869597012073e-11,0.09622504487610657
66.33291614518149,5.999999999642406,6.382887832337797,1.4142135624151433,-1.0668958144426733e-11,0.09622504487619207
66.58322903629538,5.999999999639731,6.4069742015183575,1.4142135624154586,-1.0709220352499168e-11,0.0962250448762779
66.83354192740927,5.999999999637045,6.431060570698939,1.4142135624157752,-1.074948259433804e-11,0.09622504487636403
67.08385481852315,5.999999999634349,6.455146939879541,1.414213562416093,-1.0789744869943341e-11,0.0962250448764505
67.33416770963704,5.999999999631643,6.479233309060165,1.4142135624164118,-1.0830007179315081e-11,0.0962250448765373
67.58448060075094,5.999999999628928,6.5033196782408105,1.4142135624167318,-1.0870269522453255e-11,0.09622504487662441
67.83479349186483,5.999999999626201,6.5274060474214775,1.414213562417053,-1.0910531899357865e-11,0.09622504487671184
68.08510638297872,5.999999999623466,6.551492416602165,1.4142135624173755,-1.0950794310028907e-11,0.0962250448767996
68.33541927409262,5.999999999620719,6.5755787857828745,1.4142135624176992,-1.0991056754466386e-11,0.09622504487688768
68.58573216520651,5.999999999617963,6.5996651549636045,1.414213562418024,-1.1031319232670298e-11,0.09622504487697608
68.8360450563204,5.999999999615197,6.623751524144356,1.41421356241835,-1.1071581744640646e-11,0.09622504487706482
69.0863579474343,5.99999999961242,6.6478378933251285,1.4142135624186774,-1.1111844290377427e-11,0.09622504487715387
69.33667083854819,5.999999999609634,6.671924262505922,1.4142135624190055,-1.1152106869880644e-11,0.09622504487724325
69.58698372966208,5.999999999606837,6.696010631686737,1.4142135624193353,-1.1192369483150295e-11,0.09622504487733295
69.83729662077597,5.9999999996040305,6.720097000867573,1.414213562419666,-1.123263213018638e-11,0.09622504487742298
70.08760951188987,5.999999999601214,6.744183370048431,1.4142135624199978,-1.1272894810988901e-11,0.09622504487751332
70.33792240300376,5.999999999598387,6.768269739229309,1.4142135624203311,-1.1313157525557856e-11,0.09622504487760399
70.58823529411765,5.99999999959555,6.792356108410209,1.4142135624206653,-1.1353420273893245e-11,0.09622504487769498
70.83854818523155,5.999999999592704,6.81644247759113,1.4142135624210008,-1.139368305599507e-11,0.0962250448777863
71.08886107634544,5.999999999589846,6.840528846772071,1.4142135624213377,-1.1433945871863328e-11,0.09622504487787793
71.33917396745933,5.999999999586979,6.864615215953035,1.4142135624216756,-1.147420872149802e-11,0.0962250448779699
71.58948685857322,5.9999999995841025,6.888701585134019,1.4142135624220147,-1.1514471604899149e-11,0.09622504487806219
71.83979974968712,5.999999999581215,6.912787954315025,1.4142135624223549,-1.1554734522066711e-11,0.0962250448781548
72.09011264080101,5.999999999578317,6.936874323496069,1.4142135624226964,-1.1594997061285684e-11,0.09622504487824773
72.3404255319149,5.99999999957541,6.960960692677158,1.414213562423039,-1.1635259029185168e-11,0.09622504487834099
72.5907384230288,5.999999999572492,6.985047061858271,1.4142135624233827,-1.1675520974573566e-11,0.09622504487843457
72.84105131414267,5.999999999569565,7.009133431039407,1.4142135624237278,-1.1715782897450876e-11,0.09622504487852847
73.09136420525657,5.999999999566627,7.033219800220567,1.414213562424074,-1.17560447978171e-11,0.0962250448786227
73.34167709637046,5.999999999563679,7.057306169401751,1.4142135624244214,-1.1796306675672241e-11,0.09622504487871725
73.59198998748435,5.999999999560721,7.081392538582958,1.41421356242477,-1.1836568531016293e-11,0.09622504487881212
73.84230287859825,5.999999999557754,7.105478907764189,1.4142135624251198,-1.187683036384926e-11,0.0962250448789073
74.09261576971214,5.999999999554776,7.129565276945443,1.4142135624254706,-1.191709217417114e-11,0.09622504487900282
74.34292866082603,5.999999999551787,7.153651646126721,1.4142135624258227,-1.1957353961981933e-11,0.09622504487909866
74.59324155193993,5.999999999548789,7.177738015308022,1.4142135624261762,-1.199761572728164e-11,0.09622504487919484
74.84355444305382,5.999999999545781,7.201824384489347,1.4142135624265306,-1.2037877470070262e-11,0.09622504487929132
75.09386733416771,5.999999999542763,7.2259107536706955,1.4142135624268863,-1.2078139190347796e-11,0.09622504487938813
75.3441802252816,5.999999999539734,7.249997122852067,1.4142135624272432,-1.2118400888114245e-11,0.09622504487948527
75.5944931163955,5.999999999536696,7.274083492033462,1.4142135624276013,-1.2158662563369607e-11,0.09622504487958272
75.84480600750939,5.999999999533648,7.298169861214881,1.4142135624279606,-1.2198924216113882e-11,0.0962250448796805
76.09511889862328,5.999999999530589,7.322256230396324,1.414213562428321,-1.2239185846347072e-11,0.0962250448797786
76.34543178973718,5.99999999952752,7.346342599577789,1.4142135624286827,-1.2279447454069176e-11,0.09622504487987704
76.59574468085107,5.999999999524442,7.3704289687592786,1.4142135624290455,-1.2319709039280191e-11,0.09622504487997578
76.84605757196496,5.999999999521353,7.394515337940791,1.4142135624294097,-1.2359970601980122e-11,0.09622504488007486
77.09637046307886,5.999999999518254,7.418601707122328,1.4142135624297747,-1.2400232142168965e-11,0.09622504488017426
77.34668335419275,5.999999999515145,7.442688076303887,1.414213562430141,-1.2440493659846723e-11,0.09622504488027397
77.59699624530664,5.999999999512026,7.466774445485471,1.4142135624305088,-1.2480755155013395e-11,0.09622504488037402
77.84730913642053,5.999999999508897,7.490860814667077,1.4142135624308776,-1.252101662766898e-11,0.0962250448804744
78.09762202753443,5.999999999505757,7.514947183848707,1.4142135624312475,-1.2561278077813477e-11,0.09622504488057508
78.34793491864832,5.9999999995026085,7.539033553030361,1.4142135624316186,-1.260153950544689e-11,0.0962250448806761
78.59824780976221,5.999999999499448,7.563119922212039,1.414213562431991,-1.2641800910569215e-11,0.09622504488077743
78.84856070087609,5.999999999496279,7.587206291393738,1.4142135624323644,-1.2682062293180452e-11,0.09622504488087909
79.09887359198999,5.9999999994931,7.6112926605754625,1.4142135624327392,-1.2722323653280606e-11,0.09622504488098108
79.34918648310388,5.99999999948991,7.63537902975721,1.4142135624331151,-1.2762584990869672e-11,0.09622504488108338
79.59949937421777,5.99999999948671,7.659465398938981,1.4142135624334922,-1.2802846305947652e-11,0.09622504488118601
79.84981226533166,5.999999999483501,7.683551768120776,1.4142135624338705,-1.2843107598514547e-11,0.09622504488128897
80.10012515644556,5.999999999480281,7.707638137302594,1.41421356243425,-1.2883368868570353e-11,0.09622504488139225
80.35043804755945,5.999999999477051,7.731724506484436,1.4142135624346306,-1.2923630116115075e-11,0.09622504488149584
80.60075093867334,5.999999999479692,7.755810875651064,1.4142135624343193,-1.2963895753374115e-11,0.09622504488141113
80.85106382978724,5.999999999476103,7.779897244833879,1.4142135624347423,-1.3004156970059788e-11,0.09622504488152626
81.10137672090113,5.9999999994725135,7.803983614016693,1.4142135624351653,-1.3044418186745462e-11,0.0962250448816414
81.35168961201502,5.999999999468924,7.828069983199508,1.4142135624355883,-1.3084679403431137e-11,0.09622504488175651
81.60200250312892,5.999999999465334,7.852156352382322,1.4142135624360113,-1.312494062011681e-11,0.09622504488187164
81.85231539424281,5.999999999461745,7.876242721565137,1.4142135624364343,-1.3165201836802484e-11,0.09622504488198677
82.1026282853567,5.999999999458156,7.9003290907479515,1.4142135624368573,-1.3205463053488158e-11,0.0962250448821019
82.3529411764706,5.999999999454567,7.924415459930766,1.4142135624372802,-1.3245724270173833e-11,0.09622504488221703
82.60325406758449,5.999999999450977,7.948501829113581,1.4142135624377032,-1.3285985486859507e-11,0.09622504488233215
82.85356695869838,5.999999999447388,7.972588198296395,1.4142135624381262,-1.332624670354518e-11,0.09622504488244728
83.10387984981227,5.999999999443799,7.99667456747921,1.4142135624385492,-1.3366507920230856e-11,0.09622504488256241
83.35419274092617,5.99999999944021,8.020760936662025,1.4142135624389722,-1.340676913691653e-11,0.09622504488267754
83.60450563204006,5.99999999943662,8.04484730584484,1.4142135624393952,-1.3447030353602203e-11,0.09622504488279267
83.85481852315395,5.99999999943303,8.068933675027655,1.4142135624398182,-1.3487291570287878e-11,0.0962250448829078
84.10513141426785,5.999999999429441,8.09302004421047,1.4142135624402412,-1.3527552786973552e-11,0.09622504488302291
84.35544430538174,5.999999999425852,8.117106413393284,1.4142135624406644,-1.3567814003659225e-11,0.09622504488313804
84.60575719649562,5.999999999422263,8.141192782576097,1.4142135624410874,-1.3608075220344897e-11,0.09622504488325317
84.85607008760951,5.999999999418673,8.165279151758911,1.4142135624415104,-1.3648336437030571e-11,0.0962250448833683
85.1063829787234,5.999999999415084,8.189365520941726,1.4142135624419334,-1.3688597653716246e-11,0.09622504488348343
85.3566958698373,5.999999999411495,8.21345189012454,1.4142135624423564,-1.372885887040192e-11,0.09622504488359855
85.60700876095119,5.999999999407906,8.237538259307355,1.4142135624427794,-1.3769120087087593e-11,0.09622504488371368
85.85732165206508,5.9999999994043165,8.26162462849017,1.4142135624432024,-1.3809381303773269e-11,0.09622504488382881
86.10763454317897,5.9999999994007265,8.285710997672984,1.4142135624436254,-1.3849642520458942e-11,0.09622504488394394
86.35794743429287,5.999999999397137,8.309797366855799,1.4142135624440484,-1.3889903737144616e-11,0.09622504488405907
86.60826032540676,5.999999999393548,8.333883736038613,1.4142135624444714,-1.3930164953830291e-11,0.09622504488417419
86.85857321652065,5.999999999389959,8.357970105221428,1.4142135624448944,-1.3970426170515965e-11,0.09622504488428932
87.10888610763455,5.99999999938637,8.382056474404243,1.4142135624453174,-1.4010687387201638e-11,0.09622504488440445
87.35919899874844,5.99999999938278,8.406142843587057,1.4142135624457404,-1.4050948603887313e-11,0.09622504488451958
87.60951188986233,5.999999999379191,8.430229212769872,1.4142135624461634,-1.4091209820572987e-11,0.09622504488463471
87.85982478097623,5.999999999375602,8.454315581952686,1.4142135624465864,-1.413147103725866e-11,0.09622504488474984
88.11013767209012,5.999999999372013,8.4784019511355,1.4142135624470094,-1.4171732253944336e-11,0.09622504488486495
88.36045056320401,5.9999999993684225,8.502488320318315,1.4142135624474323,-1.421199347063001e-11,0.09622504488498008
88.6107634543179,5.999999999364833,8.52657468950113,1.4142135624478553,-1.4252254687315683e-11,0.09622504488509522
88.8610763454318,5.999999999361244,8.550661058683946,1.4142135624482783,-1.4292515904001358e-11,0.09622504488521035
89.11138923654569,5.999999999357655,8.574747427866761,1.4142135624487013,-1.4332777120687032e-11,0.09622504488532548
89.36170212765958,5.999999999351172,8.598833797065808,1.4142135624494654,-1.4373039735170697e-11,0.09622504488553338
89.61201501877348,5.999999999344127,8.62292016626802,1.4142135624502958,-1.4413302621909165e-11,0.09622504488575936
89.86232790988737,5.999999999337081,8.647006535470233,1.414213562451126,-1.4453565508647631e-11,0.09622504488598535
90.11264080100126,5.999999999330036,8.671092904672445,1.4142135624519563,-1.4493828395386098e-11,0.09622504488621132
90.36295369211514,5.99999999932299,8.695179273874658,1.4142135624527867,-1.4534091282124563e-11,0.09622504488643731
90.61326658322903,5.999999999315945,8.71926564307687,1.414213562453617,-1.457435416886303e-11,0.0962250448866633
90.86357947434293,5.9999999993088995,8.743352012279082,1.4142135624544474,-1.4614617055601496e-11,0.09622504488688927
91.11389236545682,5.9999999993018545,8.767438381481295,1.4142135624552776,-1.4654879942339962e-11,0.09622504488711525
91.36420525657071,5.999999999294809,8.791524750683505,1.4142135624561079,-1.469514282907843e-11,0.09622504488734124
91.6145181476846,5.9999999992877635,8.81561111988572,1.4142135624569383,-1.4735405715816898e-11,0.09622504488756721
91.8648310387985,5.9999999992807185,8.839697489087932,1.4142135624577685,-1.477566860255536e-11,0.0962250448877932
92.11514392991239,5.999999999273673,8.863783858290144,1.4142135624585987,-1.481593148929383e-11,0.09622504488801918
92.36545682102629,5.9999999992666275,8.887870227492357,1.4142135624594292,-1.48561943760323e-11,0.09622504488824515
92.61576971214018,5.999999999259582,8.91195659669457,1.4142135624602594,-1.4896457262770764e-11,0.09622504488847114
92.86608260325407,5.999999999252537,8.936042965896782,1.4142135624610899,-1.4936720149509234e-11,0.09622504488869713
93.11639549436796,5.9999999992454915,8.960129335098994,1.41421356246192,-1.49769830362477e-11,0.0962250448889231
93.36670838548186,5.999999999238446,8.984215704301207,1.4142135624627503,-1.5017245922986167e-11,0.09622504488914908
93.61702127659575,5.999999999231401,9.008302073503419,1.4142135624635808,-1.5057508809724633e-11,0.09622504488937507
93.86733416770964,5.999999999224355,9.032388442705631,1.414213562464411,-1.50977716964631e-11,0.09622504488960104
94.11764705882354,5.99999999921731,9.056474811907844,1.4142135624652412,-1.5138034583201566e-11,0.09622504488982703
94.36795994993743,5.999999999210265,9.080561181110056,1.4142135624660717,-1.5178297469940033e-11,0.09622504489005301
94.61827284105132,5.999999999203219,9.104647550312269,1.4142135624669019,-1.52185603566785e-11,0.096225044890279
94.86858573216522,5.999999999196174,9.128733919514481,1.4142135624677323,-1.5258823243416966e-11,0.09622504489050497
95.11889862327911,5.999999999189128,9.152820288716693,1.4142135624685626,-1.5299086130155432e-11,0.09622504489073096
95.369211514393,5.999999999182083,9.176906657918906,1.4142135624693928,-1.5339349016893902e-11,0.09622504489095694
95.6195244055069,5.999999999175037,9.200993027121118,1.4142135624702232,-1.5379611903632368e-11,0.09622504489118291
95.86983729662079,5.999999999167992,9.22507939632333,1.4142135624710535,-1.5419874790370835e-11,0.0962250448914089
96.12015018773468,5.999999999160947,9.249165765525543,1.414213562471884,-1.54601376771093e-11,0.09622504489163489
96.37046307884856,5.999999999153901,9.273252134727754,1.4142135624727141,-1.5500400563847764e-11,0.09622504489186086
96.62077596996245,5.999999999146856,9.297338503929966,1.4142135624735443,-1.554066345058623e-11,0.09622504489208684
96.87108886107634,5.99999999913981,9.32142487313218,1.4142135624743748,-1.55809263373247e-11,0.09622504489231283
97.12140175219024,5.999999999132765,9.345511242334391,1.414213562475205,-1.5621189224063167e-11,0.0962250448925388
97.37171464330413,5.999999999125719,9.369597611536603,1.4142135624760352,-1.5661452110801633e-11,0.09622504489276479
97.62202753441802,5.999999999118674,9.393683980738816,1.4142135624768657,-1.57017149975401e-11,0.09622504489299077
97.87234042553192,5.999999999111629,9.417770349941028,1.414213562477696,-1.574197788427857e-11,0.09622504489321675
98.12265331664581,5.999999999104583,9.44185671914324,1.4142135624785264,-1.5782240771017036e-11,0.09622504489344273
98.3729662077597,5.999999999097538,9.465943088345453,1.4142135624793566,-1.5822503657755503e-11,0.09622504489366872
98.6232790988736,5.999999999090492,9.490029457547667,1.4142135624801868,-1.586276654449397e-11,0.09622504489389469
98.87359198998749,5.999999999083447,9.514115826749878,1.4142135624810173,-1.5903029431232436e-11,0.09622504489412068
99.12390488110138,5.999999999076402,9.53820219595209,1.4142135624818475,-1.5943292317970902e-11,0.09622504489434666
99.37421777221527,5.999999999069356,9.562288565154303,1.4142135624826777,-1.598355520470937e-11,0.09622504489457263
99.62453066332917,5.999999999062311,9.586374934356515,1.4142135624835082,-1.6023818091447835e-11,0.09622504489479862
99.87484355444306,5.999999999055265,9.610461303558727,1.4142135624843384,-1.60640809781863e-11,0.0962250448950246
100.12515644555695,5.99999999904822,9.63454767276094,1.4142135624851688,-1.6104343864924768e-11,0.09622504489525059
100.37546933667085,5.999999999041174,9.658634041963154,1.414213562485999,-1.6144606751663238e-11,0.09622504489547656
100.62578222778474,5.999999999034129,9.682720411165365,1.4142135624868293,-1.61848696384017e-11,0.09622504489570255
100.87609511889863,5.999999999027084,9.706806780367579,1.4142135624876597,-1.622513252514017e-11,0.09622504489592854
101.12640801001253,5.999999999020038,9.73089314956979,1.41421356248849,-1.6265395411878637e-11,0.09622504489615451
101.37672090112642,5.999999999012993,9.754979518772002,1.4142135624893202,-1.6305658298617103e-11,0.0962250448963805
101.62703379224031,5.999999999005947,9.779065887974216,1.4142135624901506,-1.6345921185355573e-11,0.09622504489660648
101.8773466833542,5.999999998998902,9.803152257176427,1.4142135624909808,-1.638618407209404e-11,0.09622504489683245
102.12765957446808,5.999999998991856,9.827238626378637,1.4142135624918113,-1.6426446958832503e-11,0.09622504489705844
102.37797246558198,5.999999998984811,9.85132499558085,1.4142135624926415,-1.646670984557097e-11,0.09622504489728442
102.62828535669587,5.999999998977766,9.875411364783062,1.4142135624934717,-1.6506972732309436e-11,0.0962250448975104
102.87859824780976,5.99999999897072,9.899497733985275,1.4142135624943022,-1.6547235619047906e-11,0.09622504489773638
103.12891113892366,5.999999998963675,9.923584103187487,1.4142135624951324,-1.6587498505786372e-11,0.09622504489796237
103.37922403003755,5.999999998956629,9.9476704723897,1.4142135624959629,-1.662776139252484e-11,0.09622504489818834
103.62953692115144,5.999999998949584,9.971756841591912,1.414213562496793,-1.6668024279263305e-11,0.09622504489841432
103.87984981226533,5.999999998942539,9.995843210794124,1.4142135624976233,-1.670828716600177e-11,0.09622504489864031
104.13016270337923,5.999999998935493,10.019929579996337,1.4142135624984538,-1.6748550052740238e-11,0.09622504489886628
104.38047559449312,5.999999998928448,10.044015949198549,1.414213562499284,-1.6788812939478704e-11,0.09622504489909227
104.63078848560701,5.999999998921402,10.068102318400761,1.4142135625001142,-1.682907582621717e-11,0.09622504489931825
104.8811013767209,5.999999998914357,10.092188687602974,1.4142135625009447,-1.6869338712955637e-11,0.09622504489954423
105.1314142678348,5.999999998907311,10.116275056805186,1.4142135625017749,-1.6909601599694104e-11,0.09622504489977021
105.38172715894869,5.999999998900266,10.140361426007399,1.4142135625026053,-1.6949864486432574e-11,0.0962250448999962
105.63204005006259,5.999999998893221,10.164447795209611,1.4142135625034356,-1.6990127373171037e-11,0.09622504490022217
105.88235294117648,5.999999998886175,10.188534164411823,1.4142135625042658,-1.7030390259909506e-11,0.09622504490044816
106.13266583229037,5.99999999887913,10.212620533614036,1.4142135625050962,-1.7070653146647973e-11,0.09622504490067414
106.38297872340426,5.9999999988720845,10.236706902816248,1.4142135625059264,-1.711091603338644e-11,0.09622504490090013
106.63329161451816,5.999999998865039,10.260793272018462,1.4142135625067567,-1.715117892012491e-11,0.0962250449011261
106.88360450563205,5.9999999988579935,10.284879641220673,1.4142135625075871,-1.7191441806863376e-11,0.09622504490135209
107.13391739674594,5.9999999988509485,10.308966010422886,1.4142135625084173,-1.7231704693601842e-11,0.09622504490157807
107.38423028785984,5.9999999988439034,10.333052379625098,1.4142135625092478,-1.727196758034031e-11,0.09622504490180404
107.63454317897373,5.9999999988368575,10.35713874882731,1.414213562510078,-1.7312230467078775e-11,0.09622504490203003
107.88485607008761,5.9999999988298125,10.381225118029523,1.4142135625109082,-1.735249335381724e-11,0.09622504490225602
108.1351689612015,5.999999998822767,10.405311487231735,1.4142135625117387,-1.7392756240555708e-11,0.09622504490248199
108.3854818523154,5.9999999988157215,10.429397856433948,1.414213562512569,-1.7433019127294174e-11,0.09622504490270797
108.63579474342929,5.9999999988086765,10.45348422563616,1.4142135625133991,-1.747328201403264e-11,0.09622504490293396
108.88610763454318,5.999999998801631,10.477570594838372,1.4142135625142296,-1.7513544900771107e-11,0.09622504490315993
109.13642052565707,5.999999998794586,10.501656964040585,1.4142135625150598,-1.7553807787509574e-11,0.09622504490338592
109.38673341677097,5.99999999878754,10.525743333242797,1.4142135625158903,-1.759407067424804e-11,0.0962250449036119
109.63704630788486,5.999999998780495,10.54982970244501,1.4142135625167205,-1.7634333560986507e-11,0.09622504490383788
109.88735919899875,5.999999998773449,10.573916071647222,1.4142135625175507,-1.7674596447724973e-11,0.09622504490406386
110.13767209011264,5.999999998766404,10.598002440849434,1.4142135625183812,-1.771485933446344e-11,0.09622504490428985
110.38798498122654,5.999999998759359,10.622088810051647,1.4142135625192114,-1.7755122221201906e-11,0.09622504490451582
110.63829787234043,5.999999998752313,10.64617517925386,1.4142135625200418,-1.7795385107940373e-11,0.0962250449047418
110.88861076345432,5.999999998745268,10.670261548456072,1.414213562520872,-1.7835647994678842e-11,0.09622504490496779
111.13892365456822,5.999999998738222,10.694347917658284,1.4142135625217023,-1.7875910881417312e-11,0.09622504490519376
111.38923654568211,5.999999998731177,10.718434286860496,1.4142135625225327,-1.7916173768155775e-11,0.09622504490541975
111.639549436796,5.999999998724131,10.742520656062709,1.414213562523363,-1.7956436654894245e-11,0.09622504490564573
111.8898623279099,5.999999998717086,10.766607025264921,1.4142135625241932,-1.799669954163271e-11,0.09622504490587172
112.14017521902379,5.999999998710041,10.790693394467134,1.4142135625250236,-1.8036962428371178e-11,0.09622504490609769
112.39048811013768,5.999999998702995,10.814779763669346,1.4142135625258538,-1.8077225315109644e-11,0.09622504490632368
112.64080100125157,5.99999999869595,10.838866132871559,1.4142135625266843,-1.811748820184811e-11,0.09622504490654966
112.89111389236547,5.999999998688904,10.862952502073771,1.4142135625275145,-1.8157751088586577e-11,0.09622504490677564
113.14142678347936,5.999999998681859,10.887038871275983,1.4142135625283447,-1.8198013975325044e-11,0.09622504490700162
113.39173967459325,5.999999998674814,10.911125240478196,1.4142135625291752,-1.823827686206351e-11,0.09622504490722761
113.64205256570713,5.999999998667768,10.935211609680408,1.4142135625300054,-1.8278539748801977e-11,0.09622504490745358
113.89236545682103,5.999999998660723,10.959297978882619,1.4142135625308356,-1.8318802635540443e-11,0.09622504490767957
114.14267834793492,5.999999998653677,10.983384348084833,1.414213562531666,-1.835906552227891e-11,0.09622504490790555
114.39299123904881,5.999999998646632,11.007470717287045,1.4142135625324963,-1.8399328409017376e-11,0.09622504490813152
114.6433041301627,5.999999998639586,11.031557086489256,1.4142135625333268,-1.8439591295755843e-11,0.09622504490835751
114.8936170212766,5.999999998632541,11.05564345569147,1.414213562534157,-1.847985418249431e-11,0.0962250449085835
115.14392991239049,5.999999998625496,11.07972982489368,1.4142135625349872,-1.8520117069232776e-11,0.09622504490880947
115.39424280350438,5.99999999861845,11.103816194095895,1.4142135625358176,-1.8560379955971242e-11,0.09622504490903545
115.64455569461828,5.999999998611405,11.127902563298106,1.4142135625366479,-1.860064284270971e-11,0.09622504490926144
115.89486858573217,5.999999998604359,11.15198893250032,1.414213562537478,-1.8640905729448178e-11,0.09622504490948741
116.14518147684606,5.999999998597314,11.176075301702532,1.4142135625383085,-1.8681168616186645e-11,0.0962250449097134
116.39549436795996,5.999999998590268,11.200161670904743,1.4142135625391388,-1.872143150292511e-11,0.09622504490993938
116.64580725907385,5.999999998583223,11.224248040106957,1.4142135625399692,-1.876169438966358e-11,0.09622504491016536
116.89612015018774,5.999999998576178,11.248334409309168,1.4142135625407994,-1.8801957276402044e-11,0.09622504491039134
117.14643304130163,5.999999998569132,11.272420778511382,1.4142135625416297,-1.8842220163140514e-11,0.09622504491061733
117.39674593241553,5.999999998562087,11.296507147713593,1.4142135625424601,-1.888248304987898e-11,0.09622504491084331
117.64705882352942,5.999999998555041,11.320593516915807,1.4142135625432903,-1.8922745936617447e-11,0.09622504491106929
117.89737171464331,5.999999998547996,11.34467988611802,1.4142135625441206,-1.8963008823355913e-11,0.09622504491129527
118.1476846057572,5.999999998540951,11.368766255320232,1.414213562544951,-1.900327171009438e-11,0.09622504491152126
118.3979974968711,5.999999998533905,11.392852624522444,1.4142135625457812,-1.9043534596832846e-11,0.09622504491174723
118.64831038798499,5.99999999852686,11.416938993724655,1.4142135625466117,-1.9083797483571313e-11,0.09622504491197321
118.89862327909889,5.999999998519814,11.441025362926869,1.414213562547442,-1.912406037030978e-11,0.0962250449121992
119.14893617021278,5.999999998512769,11.465111732129081,1.4142135625482721,-1.916432325704825e-11,0.09622504491242517
119.39924906132667,5.999999998505723,11.489198101331294,1.4142135625491026,-1.9204586143786712e-11,0.09622504491265116
119.64956195244055,5.999999998498678,11.513284470533502,1.4142135625499328,-1.924484903052518e-11,0.09622504491287714
119.89987484355444,5.999999998491633,11.537370839735717,1.4142135625507632,-1.9285111917263645e-11,0.09622504491310312
120.15018773466834,5.999999998484587,11.561457208937927,1.4142135625515935,-1.932537480400211e-11,0.0962250449133291
120.40050062578223,5.999999998477542,11.58554357814014,1.4142135625524237,-1.9365637690740578e-11,0.09622504491355509
120.65081351689612,5.999999998470496,11.609629947342352,1.4142135625532541,-1.9405900577479044e-11,0.09622504491378106
120.90112640801001,5.999999998463451,11.633716316544565,1.4142135625540844,-1.9446163464217514e-11,0.09622504491400705
121.15143929912391,5.999999998456405,11.657802685746779,1.4142135625549146,-1.948642635095598e-11,0.09622504491423303
121.4017521902378,5.99999999844936,11.68188905494899,1.414213562555745,-1.9526689237694447e-11,0.096225044914459
121.6520650813517,5.999999998442315,11.705975424151204,1.4142135625565753,-1.9566952124432917e-11,0.09622504491468499
121.90237797246559,5.999999998435269,11.730061793353414,1.4142135625574057,-1.960721501117138e-11,0.09622504491491098
122.15269086357948,5.999999998428224,11.754148162555627,1.414213562558236,-1.964747789790985e-11,0.09622504491513695
122.40300375469337,5.9999999984211785,11.77823453175784,1.4142135625590662,-1.9687740784648316e-11,0.09622504491536293
122.65331664580727,5.9999999984141335,11.802320900960051,1.4142135625598966,-1.9728003671386783e-11,0.09622504491558892
122.90362953692116,5.999999998407088,11.826407270162266,1.4142135625607268,-1.976826655812525e-11,0.0962250449158149
123.15394242803505,5.9999999984000425,11.850493639364476,1.414213562561557,-1.9808529444863716e-11,0.09622504491604088
123.40425531914894,5.9999999983929975,11.87458000856669,1.4142135625623875,-1.9848792331602182e-11,0.09622504491626686
123.65456821026284,5.9999999983859515,11.898666377768901,1.4142135625632177,-1.988905521834065e-11,0.09622504491649285
123.90488110137673,5.9999999983789065,11.922752746971115,1.4142135625640482,-1.9929318105079115e-11,0.09622504491671882
124.15519399249062,5.999999998371861,11.946839116173328,1.4142135625648784,-1.9969580991817585e-11,0.09622504491694481
124.40550688360452,5.999999998364816,11.970925485375538,1.4142135625657086,-2.0009843878556048e-11,0.0962250449171708
124.65581977471841,5.9999999983577705,11.995011854577752,1.414213562566539,-2.0050106765294518e-11,0.09622504491739677
124.9061326658323,5.999999998350725,12.019098223779963,1.4142135625673693,-2.0090369652032984e-11,0.09622504491762275
125.1564455569462,5.99999999834368,12.043184592982177,1.4142135625681995,-2.013063253877145e-11,0.09622504491784874
125.40675844806007,5.999999998336634,12.067270962184388,1.41421356256903,-2.0170895425509914e-11,0.09622504491807471
125.65707133917397,5.999999998329589,12.0913573313866,1.4142135625698602,-2.0211158312248384e-11,0.0962250449183007
125.90738423028786,5.999999998322543,12.115443700588813,1.4142135625706906,-2.0251421198986847e-11,0.09622504491852668
126.15769712140175,5.999999998315498,12.139530069791025,1.4142135625715209,-2.0291684085725316e-11,0.09622504491875265
126.40801001251565,5.999999998308453,12.163616438993238,1.414213562572351,-2.0331946972463783e-11,0.09622504491897864
126.65832290362954,5.999999998301407,12.18770280819545,1.4142135625731815,-2.037220985920225e-11,0.09622504491920462
126.90863579474343,5.999999998294362,12.211789177397662,1.4142135625740118,-2.0412472745940716e-11,0.0962250449194306
127.15894868585733,5.999999998287316,12.235875546599875,1.4142135625748422,-2.0452735632679186e-11,0.09622504491965658
127.40926157697122,5.999999998280271,12.259961915802087,1.4142135625756724,-2.0492998519417652e-11,0.09622504491988257
127.65957446808511,5.999999998273226,12.2840482850043,1.4142135625765027,-2.053326140615612e-11,0.09622504492010854
127.909887359199,5.99999999826618,12.308134654206512,1.414213562577333,-2.0573524292894585e-11,0.09622504492033453
128.1602002503129,5.999999998259135,12.332221023408724,1.4142135625781633,-2.061378717963305e-11,0.09622504492056051
128.41051314142678,5.999999998252089,12.356307392610935,1.4142135625789936,-2.0654050066371515e-11,0.09622504492078648
128.66082603254068,5.999999998245044,12.38039376181315,1.414213562579824,-2.0694312953109984e-11,0.09622504492101247
128.91113892365456,5.999999998237998,12.404480131015362,1.4142135625806542,-2.073457583984845e-11,0.09622504492123846
129.16145181476847,5.999999998230953,12.428566500217574,1.4142135625814847,-2.0774838726586917e-11,0.09622504492146444
129.41176470588235,5.999999998223908,12.452652869419786,1.414213562582315,-2.0815101613325384e-11,0.09622504492169041
129.66207759699626,5.999999998216862,12.476739238621999,1.4142135625831451,-2.0855364500063854e-11,0.0962250449219164
129.91239048811013,5.999999998209817,12.500825607824211,1.4142135625839756,-2.0895627386802317e-11,0.09622504492214239
130.16270337922404,5.999999998202771,12.524911977026424,1.4142135625848058,-2.0935890273540786e-11,0.09622504492236836
130.41301627033792,5.999999998195726,12.548998346228636,1.414213562585636,-2.097615316027925e-11,0.09622504492259434
130.66332916145183,5.99999999818868,12.573084715430848,1.4142135625864665,-2.101641604701772e-11,0.09622504492282033
130.9136420525657,5.999999998181635,12.597171084633061,1.4142135625872967,-2.1056678933756186e-11,0.0962250449230463
131.1639549436796,5.99999999817459,12.621257453835273,1.4142135625881271,-2.1096941820494656e-11,0.09622504492327229
131.4142678347935,5.999999998167544,12.645343823037486,1.4142135625889574,-2.113720470723312e-11,0.09622504492349827
131.6645807259074,5.999999998160499,12.669430192239698,1.4142135625897876,-2.117746759397159e-11,0.09622504492372425
131.91489361702128,5.999999998153453,12.69351656144191,1.414213562590618,-2.1217730480710055e-11,0.09622504492395023
132.16520650813519,5.999999998146408,12.717602930644123,1.4142135625914483,-2.125799336744852e-11,0.09622504492417622
132.41551939924906,5.999999998139363,12.741689299846335,1.4142135625922785,-2.1298256254186988e-11,0.09622504492440219
132.66583229036297,5.999999998132317,12.765775669048548,1.414213562593109,-2.1338519140925454e-11,0.09622504492462818
132.91614518147685,5.999999998125272,12.78986203825076,1.4142135625939392,-2.137878202766392e-11,0.09622504492485416
133.16645807259076,5.999999998118226,12.813948407452973,1.4142135625947696,-2.141904491440239e-11,0.09622504492508013
133.41677096370464,5.999999998111181,12.838034776655185,1.4142135625955998,-2.1459307801140854e-11,0.09622504492530612
133.66708385481854,5.999999998104135,12.862121145857397,1.41421356259643,-2.1499570687879324e-11,0.0962250449255321
133.91739674593242,5.99999999809709,12.88620751505961,1.4142135625972605,-2.1539833574617787e-11,0.09622504492575808
134.1677096370463,5.999999998090045,12.91029388426182,1.4142135625980907,-2.1580096461356253e-11,0.09622504492598406
134.4180225281602,5.999999998082999,12.934380253464035,1.4142135625989212,-2.1620359348094723e-11,0.09622504492621005
134.6683354192741,5.999999998075954,12.958466622666245,1.4142135625997514,-2.1660622234833186e-11,0.09622504492643603
134.918648310388,5.999999998068908,12.98255299186846,1.4142135626005816,-2.1700885121571656e-11,0.096225044926662
135.16896120150187,5.999999998061863,13.00663936107067,1.414213562601412,-2.174114800831012e-11,0.09622504492688799
135.41927409261578,5.999999998054817,13.030725730272884,1.4142135626022423,-2.178141089504859e-11,0.09622504492711398
135.66958698372966,5.999999998047772,13.054812099475095,1.4142135626030725,-2.1821673781787052e-11,0.09622504492733995
135.91989987484357,5.999999998040727,13.078898468677309,1.414213562603903,-2.1861936668525522e-11,0.09622504492756594
136.17021276595744,5.999999998033681,13.10298483787952,1.4142135626047332,-2.1902199555263988e-11,0.09622504492779192
136.42052565707135,5.999999998026636,13.127071207081734,1.4142135626055636,-2.1942462442002458e-11,0.0962250449280179
136.67083854818523,5.99999999801959,13.151157576283945,1.4142135626063939,-2.198272532874092e-11,0.09622504492824388
136.92115143929914,5.999999998012545,13.175243945486159,1.414213562607224,-2.202298821547939e-11,0.09622504492846987
137.17146433041302,5.9999999980055,13.19933031468837,1.4142135626080545,-2.2063251102217854e-11,0.09622504492869584
137.42177722152692,5.999999997998454,13.223416683890584,1.4142135626088848,-2.2103513988956324e-11,0.09622504492892182
137.6720901126408,5.999999997991409,13.247503053092794,1.414213562609715,-2.214377687569479e-11,0.09622504492914781
137.9224030037547,5.9999999979843635,13.271589422295008,1.4142135626105454,-2.2184039762433257e-11,0.09622504492937378
138.1727158948686,5.999999997977318,13.295675791497219,1.4142135626113757,-2.2224302649171723e-11,0.09622504492959977
138.4230287859825,5.9999999979702725,13.319762160699433,1.414213562612206,-2.2264565535910193e-11,0.09622504492982575
138.67334167709637,5.9999999979632275,13.343848529901644,1.4142135626130363,-2.2304828422648656e-11,0.09622504493005173
138.92365456821028,5.999999997956182,13.367934899103858,1.4142135626138665,-2.2345091309387126e-11,0.09622504493027771
139.17396745932416,5.9999999979491365,13.392021268306069,1.414213562614697,-2.238535419612559e-11,0.0962250449305037
139.42428035043807,5.9999999979420915,13.416107637508283,1.4142135626155272,-2.242561708286406e-11,0.09622504493072967
139.67459324155195,5.999999997935046,13.440194006710493,1.4142135626163574,-2.2465879969602525e-11,0.09622504493095566
139.92490613266582,5.9999999979280005,13.464280375912704,1.414213562617188,-2.250614285634099e-11,0.09622504493118164
140.17521902377973,5.999999997920955,13.488366745114918,1.4142135626180181,-2.2546405743079458e-11,0.09622504493140763
140.4255319148936,5.99999999791391,13.512453114317129,1.4142135626188486,-2.258666862981792e-11,0.0962250449316336
140.67584480600752,5.999999997906865,13.536539483519343,1.4142135626196788,-2.262693151655639e-11,0.09622504493185959
140.9261576971214,5.999999997899819,13.560625852721554,1.414213562620509,-2.2667194403294858e-11,0.09622504493208557
141.1764705882353,5.999999997892774,13.584712221923768,1.4142135626213395,-2.2707457290033327e-11,0.09622504493231154
141.42678347934918,5.999999997885728,13.608798591125979,1.4142135626221697,-2.274772017677179e-11,0.09622504493253753
141.6770963704631,5.999999997878683,13.632884960328193,1.4142135626230001,-2.278798306351026e-11,0.09622504493276351
141.92740926157697,5.999999997871638,13.656971329530403,1.4142135626238304,-2.2828245950248724e-11,0.09622504493298949
142.17772215269088,5.999999997864592,13.681057698732618,1.4142135626246606,-2.2868508836987193e-11,0.09622504493321547
142.42803504380475,5.999999997857547,13.705144067934828,1.414213562625491,-2.290877172372566e-11,0.09622504493344146
142.67834793491866,5.999999997850501,13.729230437137042,1.4142135626263213,-2.2949034610464126e-11,0.09622504493366743
142.92866082603254,5.999999997843456,13.753316806339253,1.4142135626271515,-2.2989297497202593e-11,0.09622504493389342
143.17897371714645,5.99999999783641,13.777403175541467,1.414213562627982,-2.302956038394106e-11,0.0962250449341194
143.42928660826033,5.999999997829365,13.801489544743678,1.4142135626288121,-2.3069823270679526e-11,0.09622504493434537
143.67959949937423,5.99999999782232,13.825575913945892,1.4142135626296426,-2.3110086157417995e-11,0.09622504493457136
143.9299123904881,5.999999997815274,13.849662283148103,1.4142135626304728,-2.315034904415646e-11,0.09622504493479735
144.18022528160202,5.999999997808229,13.873748652350317,1.414213562631303,-2.3190611930894928e-11,0.09622504493502332
144.4305381727159,5.999999997801183,13.897835021552527,1.4142135626321335,-2.323087481763339e-11,0.0962250449352493
144.6808510638298,5.999999997794138,13.921921390754742,1.4142135626329637,-2.3271137704371864e-11,0.09622504493547529
144.93116395494368,5.999999997787092,13.946007759956952,1.414213562633794,-2.3311400591110328e-11,0.09622504493570126
145.1814768460576,5.999999997780047,13.970094129159166,1.4142135626346244,-2.3351663477848797e-11,0.09622504493592725
145.43178973717147,5.999999997773002,13.994180498361377,1.4142135626354546,-2.339192636458726e-11,0.09622504493615323
145.68210262828535,5.999999997765956,14.01826686756359,1.414213562636285,-2.3432189251325724e-11,0.0962250449363792
145.93241551939926,5.999999997758911,14.042353236765802,1.4142135626371153,-2.3472452138064197e-11,0.09622504493660519
146.18272841051314,5.999999997751865,14.066439605968014,1.4142135626379455,-2.351271502480266e-11,0.09622504493683118
146.43304130162704,5.99999999774482,14.090525975170227,1.414213562638776,-2.355297791154113e-11,0.09622504493705716
146.68335419274092,5.999999997737775,14.11461234437244,1.4142135626396062,-2.3593240798279593e-11,0.09622504493728314
146.93366708385483,5.999999997730729,14.138698713574652,1.4142135626404364,-2.3633503685018063e-11,0.09622504493750912
147.1839799749687,5.999999997723684,14.162785082776864,1.4142135626412669,-2.367376657175653e-11,0.09622504493773511
147.43429286608261,5.999999997716638,14.186871451979076,1.414213562642097,-2.3714029458494996e-11,0.09622504493796108
147.6846057571965,5.999999997709593,14.210957821181289,1.4142135626429275,-2.3754292345233462e-11,0.09622504493818707
147.9349186483104,5.999999997702547,14.235044190383501,1.4142135626437577,-2.379455523197193e-11,0.09622504493841305
148.18523153942428,5.999999997695502,14.259130559585714,1.414213562644588,-2.3834818118710395e-11,0.09622504493863902
148.4355444305382,5.999999997688457,14.283216928787926,1.4142135626454184,-2.387508100544886e-11,0.09622504493886501
148.68585732165207,5.999999997681411,14.307303297990138,1.4142135626462486,-2.3915343892187328e-11,0.096225044939091
148.93617021276597,5.999999997674366,14.33138966719235,1.414213562647079,-2.3955606778925798e-11,0.09622504493931697
149.18648310387985,5.99999999766732,14.355476036394563,1.4142135626479093,-2.399586966566426e-11,0.09622504493954295
149.43679599499376,5.999999997660275,14.379562405596776,1.4142135626487395,-2.403613255240273e-11,0.09622504493976894
149.68710888610764,5.999999997653229,14.403648774798988,1.41421356264957,-2.4076395439141194e-11,0.09622504493999491
149.93742177722154,5.999999997646184,14.4277351440012,1.4142135626504002,-2.4116658325879667e-11,0.0962250449402209
150.18773466833542,5.999999997639139,14.451821513203413,1.4142135626512304,-2.415692121261813e-11,0.09622504494044688
150.43804755944933,5.999999997632093,14.475907882405625,1.4142135626520609,-2.41971840993566e-11,0.09622504494067285
150.6883604505632,5.999999997625048,14.499994251607838,1.414213562652891,-2.4237446986095063e-11,0.09622504494089884
150.93867334167712,5.999999997618002,14.52408062081005,1.4142135626537216,-2.4277709872833533e-11,0.09622504494112483
151.188986232791,5.999999997610957,14.548166990012263,1.4142135626545518,-2.4317972759572e-11,0.0962250449413508
151.4392991239049,5.999999997603912,14.572253359214475,1.414213562655382,-2.4358235646310466e-11,0.09622504494157678
151.68961201501878,5.999999997596866,14.596339728416687,1.4142135626562125,-2.4398498533048932e-11,0.09622504494180277
151.93992490613266,5.999999997589821,14.620426097618898,1.4142135626570427,-2.4438761419787395e-11,0.09622504494202876
152.19023779724657,5.999999997582775,14.644512466821112,1.414213562657873,-2.4479024306525865e-11,0.09622504494225473
152.44055068836045,5.99999999757573,14.668598836023323,1.4142135626587033,-2.451928719326433e-11,0.09622504494248071
152.69086357947435,5.999999997568684,14.692685205225537,1.4142135626595336,-2.4559550080002798e-11,0.0962250449427067
152.94117647058823,5.999999997561639,14.716771574427748,1.414213562660364,-2.4599812966741264e-11,0.09622504494293267
153.19148936170214,5.999999997554594,14.740857943629962,1.4142135626611942,-2.464007585347973e-11,0.09622504494315866
153.44180225281602,5.999999997547548,14.764944312832172,1.4142135626620245,-2.4680338740218197e-11,0.09622504494338464
153.69211514392993,5.999999997540503,14.789030682034387,1.414213562662855,-2.4720601626956667e-11,0.09622504494361062
153.9424280350438,5.9999999975334575,14.813117051236597,1.4142135626636851,-2.476086451369513e-11,0.0962250449438366
154.1927409261577,5.999999997526412,14.837203420438811,1.4142135626645154,-2.48011274004336e-11,0.09622504494406259
154.4430538172716,5.9999999975193665,14.861289789641022,1.4142135626653458,-2.4841390287172063e-11,0.09622504494428856
154.6933667083855,5.9999999975123215,14.885376158843236,1.414213562666176,-2.4881653173910533e-11,0.09622504494451455
154.94367959949938,5.9999999975052765,14.909462528045447,1.4142135626670065,-2.4921916060649e-11,0.09622504494474053
155.19399249061328,5.9999999974982305,14.933548897247661,1.4142135626678367,-2.496217894738747e-11,0.0962250449449665
155.44430538172716,5.9999999974911855,14.957635266449872,1.414213562668667,-2.5002441834125932e-11,0.09622504494519249
155.69461827284107,5.99999999748414,14.981721635652086,1.4142135626694974,-2.5042704720864402e-11,0.09622504494541848
155.94493116395495,5.999999997477095,15.005808004854297,1.4142135626703276,-2.5082967607602865e-11,0.09622504494564445
156.19524405506886,5.9999999974700495,15.02989437405651,1.4142135626711578,-2.5123230494341335e-11,0.09622504494587043
156.44555694618273,5.999999997463004,15.053980743258721,1.4142135626719883,-2.51634933810798e-11,0.09622504494609642
156.69586983729664,5.999999997455959,15.078067112460936,1.4142135626728185,-2.5203756267818268e-11,0.09622504494632239
156.94618272841052,5.999999997448913,15.102153481663146,1.414213562673649,-2.5244019154556734e-11,0.09622504494654838
157.19649561952443,5.999999997441868,15.12623985086536,1.4142135626744792,-2.5284282041295204e-11,0.09622504494677436
157.4468085106383,5.999999997434822,15.150326220067571,1.4142135626753094,-2.5324544928033667e-11,0.09622504494700035
157.69712140175218,5.999999997427777,15.174412589269782,1.4142135626761398,-2.5364807814772134e-11,0.09622504494722632
157.9474342928661,5.999999997420732,15.198498958471996,1.41421356267697,-2.54050707015106e-11,0.0962250449474523
158.19774718397997,5.999999997413686,15.222585327674206,1.4142135626778005,-2.5445333588249067e-11,0.09622504494767829
158.44806007509388,5.999999997406641,15.24667169687642,1.4142135626786307,-2.5485596474987537e-11,0.09622504494790426
158.69837296620776,5.999999997399595,15.270758066078631,1.414213562679461,-2.5525859361726e-11,0.09622504494813025
158.94868585732166,5.99999999739255,15.294844435280845,1.4142135626802914,-2.556612224846447e-11,0.09622504494835624
159.19899874843554,5.999999997385504,15.318930804483056,1.4142135626811216,-2.5606385135202933e-11,0.09622504494858221
159.44931163954945,5.999999997378459,15.34301717368527,1.4142135626819519,-2.5646648021941402e-11,0.0962250449488082
159.69962453066333,5.999999997371414,15.367103542887481,1.4142135626827823,-2.568691090867987e-11,0.09622504494903418
159.94993742177724,5.999999997364368,15.391189912089695,1.4142135626836125,-2.5727173795418335e-11,0.09622504494926015
160.20025031289111,5.999999997357323,15.415276281291906,1.414213562684443,-2.5767436682156802e-11,0.09622504494948614
160.45056320400502,5.999999997350277,15.43936265049412,1.4142135626852732,-2.580769956889527e-11,0.09622504494971212
160.7008760951189,5.999999997343232,15.46344901969633,1.4142135626861034,-2.5847962455633735e-11,0.0962250449499381
160.9511889862328,5.999999997336187,15.487535388898545,1.4142135626869339,-2.5888225342372204e-11,0.09622504495016408
161.2015018773467,5.999999997329141,15.511621758100755,1.414213562687764,-2.5928488229110668e-11,0.09622504495039007
161.4518147684606,5.999999997322096,15.53570812730297,1.4142135626885943,-2.5968751115849137e-11,0.09622504495061604
161.70212765957447,5.99999999731505,15.55979449650518,1.4142135626894248,-2.6009014002587604e-11,0.09622504495084203
161.95244055068838,5.999999997308005,15.583880865707394,1.414213562690255,-2.604927688932607e-11,0.09622504495106801
162.20275344180226,5.999999997300959,15.607967234909605,1.4142135626910854,-2.6089539776064537e-11,0.09622504495129398
162.45306633291617,5.999999997293914,15.63205360411182,1.4142135626919157,-2.6129802662803007e-11,0.09622504495151997
162.70337922403004,5.999999997286869,15.65613997331403,1.414213562692746,-2.617006554954147e-11,0.09622504495174596
162.95369211514395,5.999999997279823,15.680226342516244,1.4142135626935763,-2.621032843627994e-11,0.09622504495197194
163.20400500625783,5.999999997272778,15.704312711718455,1.4142135626944066,-2.6250591323018403e-11,0.09622504495219791
163.4543178973717,5.999999997265732,15.728399080920667,1.4142135626952368,-2.629085420975687e-11,0.0962250449524239
163.70463078848562,5.999999997258687,15.752485450122881,1.4142135626960672,-2.633111709649534e-11,0.09622504495264989
163.9549436795995,5.999999997251641,15.776571819325092,1.4142135626968975,-2.6371379983233802e-11,0.09622504495287586
164.2052565707134,5.999999997244596,15.800658188527304,1.414213562697728,-2.6411642869972272e-11,0.09622504495310184
164.45556946182728,5.999999997237551,15.824744557729517,1.4142135626985581,-2.6451905756710735e-11,0.09622504495332783
164.7058823529412,5.999999997230505,15.848830926931731,1.4142135626993884,-2.6492168643449205e-11,0.0962250449535538
164.95619524405507,5.99999999722346,15.872917296133942,1.4142135627002188,-2.653243153018767e-11,0.09622504495377979
165.20650813516897,5.999999997216414,15.897003665336156,1.414213562701049,-2.657269441692614e-11,0.09622504495400577
165.45682102628285,5.999999997209369,15.921090034538366,1.4142135627018795,-2.6612957303664604e-11,0.09622504495423174
165.70713391739676,5.999999997202324,15.94517640374058,1.4142135627027097,-2.6653220190403074e-11,0.09622504495445773
165.95744680851064,5.999999997195278,15.969262772942791,1.41421356270354,-2.6693483077141537e-11,0.09622504495468372
166.20775969962455,5.999999997188233,15.993349142145005,1.4142135627043704,-2.6733745963880007e-11,0.09622504495490969
166.45807259073842,5.999999997181187,16.017435511347216,1.4142135627052006,-2.677400885061847e-11,0.09622504495513567
166.70838548185233,5.999999997174142,16.04152188054943,1.4142135627060308,-2.681427173735694e-11,0.09622504495536166
166.9586983729662,5.999999997167096,16.06560824975164,1.4142135627068613,-2.6854534624095406e-11,0.09622504495558763
167.20901126408012,5.999999997160051,16.089694618953853,1.4142135627076915,-2.6894797510833876e-11,0.09622504495581362
167.459324155194,5.999999997153006,16.113780988156066,1.414213562708522,-2.693506039757234e-11,0.0962250449560396
167.7096370463079,5.99999999714596,16.137867357358278,1.4142135627093522,-2.697532328431081e-11,0.09622504495626558
167.95994993742178,5.999999997138915,16.16195372656049,1.4142135627101824,-2.7015586171049272e-11,0.09622504495649156
168.2102628285357,5.999999997131869,16.186040095762703,1.4142135627110128,-2.7055849057787742e-11,0.09622504495671755
168.46057571964957,5.999999997124824,16.210126464964915,1.414213562711843,-2.7096111944526205e-11,0.09622504495694352
168.71088861076348,5.999999997117778,16.234212834167128,1.4142135627126733,-2.7136374831264675e-11,0.0962250449571695
168.96120150187735,5.999999997110733,16.25829920336934,1.4142135627135037,-2.717663771800314e-11,0.09622504495739549
169.21151439299123,5.999999997103688,16.282385572571553,1.414213562714334,-2.7216900604741604e-11,0.09622504495762148
169.46182728410514,5.9999999970966424,16.306471941773765,1.4142135627151644,-2.7257163491480074e-11,0.09622504495784745
169.71214017521902,5.999999997089597,16.330558310975977,1.4142135627159946,-2.7297426378218537e-11,0.09622504495807344
169.96245306633293,5.9999999970825515,16.35464468017819,1.4142135627168249,-2.7337689264957007e-11,0.09622504495829942
170.2127659574468,5.9999999970755065,16.378731049380402,1.4142135627176553,-2.7377952151695474e-11,0.0962250449585254
170.4630788485607,5.999999997068461,16.402817418582615,1.4142135627184855,-2.7418215038433943e-11,0.09622504495875138
170.7133917396746,5.9999999970614155,16.426903787784827,1.4142135627193158,-2.7458477925172407e-11,0.09622504495897737
170.9637046307885,5.9999999970543705,16.45099015698704,1.4142135627201462,-2.7498740811910876e-11,0.09622504495920334
171.21401752190238,5.999999997047325,16.475076526189252,1.4142135627209764,-2.753900369864934e-11,0.09622504495942932
171.46433041301628,5.9999999970402795,16.499162895391464,1.4142135627218069,-2.757926658538781e-11,0.09622504495965531
171.71464330413016,5.999999997033234,16.523249264593677,1.414213562722637,-2.7619529472126276e-11,0.09622504495988128
171.96495619524407,5.999999997026189,16.54733563379589,1.4142135627234673,-2.7659792358864742e-11,0.09622504496010727
172.21526908635795,5.9999999970191435,16.5714220029981,1.4142135627242978,-2.770005524560321e-11,0.09622504496033325
172.46558197747186,5.999999997012098,16.595508372200314,1.414213562725128,-2.7740318132341678e-11,0.09622504496055923
172.71589486858574,5.999999997005053,16.619594741402526,1.4142135627259584,-2.778058101908014e-11,0.09622504496078521
172.96620775969964,5.999999996998007,16.64368111060474,1.4142135627267887,-2.782084390581861e-11,0.0962250449610112
173.21652065081352,5.999999996990962,16.66776747980695,1.414213562727619,-2.7861106792557074e-11,0.09622504496123717
173.46683354192743,5.999999996983916,16.691853849009163,1.4142135627284493,-2.7901369679295544e-11,0.09622504496146315
173.7171464330413,5.999999996976871,16.715940218211376,1.4142135627292796,-2.794163256603401e-11,0.09622504496168914
173.96745932415521,5.999999996969826,16.74002658741359,1.4142135627301098,-2.7981895452772477e-11,0.09622504496191511
174.2177722152691,5.99999999696278,16.7641129566158,1.4142135627309402,-2.8022158339510944e-11,0.0962250449621411
174.468085106383,5.999999996955735,16.788199325818013,1.4142135627317705,-2.8062421226249413e-11,0.09622504496236708
174.71839799749688,5.999999996948689,16.812285695020226,1.414213562732601,-2.8102684112987877e-11,0.09622504496259307
174.96871088861076,5.999999996941644,16.836372064222434,1.4142135627334311,-2.8142946999726343e-11,0.09622504496281904
175.21902377972467,5.999999996931439,16.860458433451093,1.4142135627346337,-2.8183209868259246e-11,0.0962250449631464
175.46933667083854,5.999999996920937,16.884544802682218,1.4142135627358714,-2.822347273508798e-11,0.09622504496348323
175.71964956195245,5.999999996910435,16.908631171913342,1.4142135627371089,-2.826373560191672e-11,0.09622504496382007
175.96996245306633,5.999999996899934,16.93271754114447,1.4142135627383465,-2.830399846874546e-11,0.0962250449641569
176.22027534418024,5.999999996889432,16.956803910375598,1.4142135627395842,-2.8344261335574198e-11,0.09622504496449374
176.47058823529412,5.99999999687893,16.98089027960672,1.4142135627408217,-2.838452420240293e-11,0.09622504496483057
176.72090112640802,5.999999996868429,17.004976648837847,1.4142135627420593,-2.842478706923167e-11,0.09622504496516741
176.9712140175219,5.999999996857928,17.02906301806897,1.414213562743297,-2.846504993606041e-11,0.09622504496550424
177.2215269086358,5.999999996847427,17.0531493873001,1.4142135627445347,-2.850531280288915e-11,0.09622504496584108
177.4718397997497,5.999999996836925,17.077235756531223,1.4142135627457721,-2.8545575669717883e-11,0.09622504496617793
177.7221526908636,5.999999996826423,17.10132212576235,1.4142135627470098,-2.8585838536546626e-11,0.09622504496651475
177.97246558197747,5.999999996815922,17.125408494993472,1.4142135627482475,-2.8626101403375363e-11,0.0962250449668516
178.22277847309138,5.99999999680542,17.1494948642246,1.414213562749485,-2.8666364270204102e-11,0.09622504496718842
178.47309136420526,5.9999999967949185,17.173581233455725,1.4142135627507226,-2.8706627137032836e-11,0.09622504496752526
178.72340425531917,5.9999999967844175,17.197667602686852,1.4142135627519603,-2.874689000386158e-11,0.09622504496786209
178.97371714643305,5.999999996773916,17.221753971917977,1.414213562753198,-2.8787152870690315e-11,0.09622504496819893
179.22403003754695,5.999999996763415,17.245840341149105,1.4142135627544354,-2.8827415737519055e-11,0.09622504496853576
179.47434292866083,5.999999996752913,17.26992671038023,1.4142135627556731,-2.886767860434779e-11,0.0962250449688726
179.72465581977474,5.999999996742411,17.294013079611354,1.4142135627569108,-2.8907941471176527e-11,0.09622504496920943
179.97496871088862,5.99999999673191,17.31809944884248,1.4142135627581482,-2.8948204338005267e-11,0.09622504496954627
180.22528160200253,5.999999996721408,17.342185818073606,1.414213562759386,-2.8988467204834007e-11,0.0962250449698831
180.4755944931164,5.999999996710907,17.36627218730473,1.4142135627606236,-2.902873007166274e-11,0.09622504497021994
180.72590738423028,5.999999996700406,17.390358556535855,1.4142135627618613,-2.9068992938491476e-11,0.09622504497055678
180.9762202753442,5.999999996689904,17.414444925766983,1.4142135627630987,-2.910925580532022e-11,0.09622504497089361
181.22653316645807,5.999999996679403,17.438531294998107,1.4142135627643364,-2.914951867214895e-11,0.09622504497123045
181.47684605757198,5.999999996668901,17.462617664229235,1.414213562765574,-2.918978153897769e-11,0.09622504497156728
181.72715894868585,5.999999996658399,17.48670403346036,1.4142135627668115,-2.923004440580643e-11,0.09622504497190412
181.97747183979976,5.999999996647898,17.510790402691484,1.4142135627680492,-2.927030727263517e-11,0.09622504497224095
182.22778473091364,5.9999999966373965,17.534876771922608,1.414213562769287,-2.9310570139463905e-11,0.09622504497257779
182.47809762202755,5.9999999966268955,17.558963141153736,1.4142135627705243,-2.9350833006292644e-11,0.09622504497291462
182.72841051314143,5.999999996616394,17.58304951038486,1.414213562771762,-2.9391095873121384e-11,0.09622504497325146
182.97872340425533,5.999999996605892,17.60713587961599,1.4142135627729997,-2.9431358739950124e-11,0.09622504497358829
183.2290362953692,5.999999996595391,17.631222248847113,1.4142135627742374,-2.9471621606778857e-11,0.09622504497392513
183.47934918648312,5.999999996584889,17.655308618078237,1.4142135627754748,-2.9511884473607596e-11,0.09622504497426197
183.729662077597,5.999999996574387,17.67939498730936,1.4142135627767125,-2.9552147340436336e-11,0.0962250449745988
183.9799749687109,5.999999996563886,17.70348135654049,1.4142135627779502,-2.9592410207265076e-11,0.09622504497493564
184.23028785982478,5.999999996553385,17.727567725771614,1.4142135627791876,-2.963267307409381e-11,0.09622504497527247
184.4806007509387,5.999999996542884,17.751654095002742,1.4142135627804253,-2.9672935940922555e-11,0.09622504497560931
184.73091364205257,5.999999996532382,17.775740464233866,1.414213562781663,-2.971319880775129e-11,0.09622504497594614
184.98122653316648,5.99999999652188,17.79982683346499,1.4142135627829007,-2.975346167458003e-11,0.09622504497628298
185.23153942428036,5.999999996511379,17.82391320269612,1.4142135627841381,-2.979372454140876e-11,0.09622504497661981
185.48185231539426,5.999999996500877,17.847999571927243,1.4142135627853758,-2.98339874082375e-11,0.09622504497695665
185.73216520650814,5.999999996490375,17.872085941158367,1.4142135627866135,-2.987425027506624e-11,0.09622504497729348
185.98247809762205,5.9999999964798745,17.896172310389495,1.414213562787851,-2.991451314189498e-11,0.09622504497763032
186.23279098873593,5.999999996469373,17.92025867962062,1.4142135627890886,-2.995477600872372e-11,0.09622504497796716
186.4831038798498,5.999999996458872,17.944345048851744,1.4142135627903263,-2.9995038875552446e-11,0.09622504497830399
186.73341677096371,5.99999999644837,17.968431418082872,1.414213562791564,-3.003530174238119e-11,0.09622504497864083
186.9837296620776,5.999999996437868,17.992517787313993,1.4142135627928014,-3.0075564609209926e-11,0.09622504497897766
187.2340425531915,5.999999996427367,18.01660415654512,1.414213562794039,-3.0115827476038665e-11,0.0962250449793145
187.48435544430538,5.999999996416865,18.04069052577625,1.4142135627952768,-3.0156090342867405e-11,0.09622504497965133
187.7346683354193,5.9999999964063635,18.064776895007373,1.4142135627965142,-3.0196353209696145e-11,0.09622504497998817
187.98498122653316,5.999999996395863,18.088863264238498,1.414213562797752,-3.0236616076524884e-11,0.096225044980325
188.23529411764707,5.999999996385361,18.112949633469626,1.4142135627989896,-3.027687894335362e-11,0.09622504498066184
188.48560700876095,5.99999999637486,18.13703600270075,1.414213562800227,-3.031714181018236e-11,0.09622504498099867
188.73591989987486,5.999999996364358,18.161122371931874,1.4142135628014647,-3.0357404677011097e-11,0.09622504498133551
188.98623279098874,5.999999996353856,18.185208741163002,1.4142135628027024,-3.039766754383983e-11,0.09622504498167235
189.23654568210264,5.999999996343355,18.209295110394127,1.41421356280394,-3.043793041066857e-11,0.09622504498200918
189.48685857321652,5.999999996332853,18.23338147962525,1.4142135628051775,-3.047819327749731e-11,0.09622504498234602
189.73717146433043,5.999999996322352,18.25746784885638,1.4142135628064152,-3.051845614432605e-11,0.09622504498268285
189.9874843554443,5.999999996311851,18.281554218087503,1.4142135628076529,-3.055871901115478e-11,0.09622504498301969
190.23779724655822,5.999999996301349,18.30564058731863,1.4142135628088903,-3.059898187798353e-11,0.09622504498335652
190.4881101376721,5.999999996290848,18.329726956549756,1.414213562810128,-3.063924474481226e-11,0.09622504498369336
190.738423028786,5.999999996280346,18.353813325780884,1.4142135628113657,-3.0679507611641e-11,0.09622504498403019
190.98873591989988,5.999999996269844,18.377899695012005,1.4142135628126034,-3.0719770478469734e-11,0.09622504498436703
191.2390488110138,5.999999996259343,18.401986064243133,1.4142135628138408,-3.0760033345298474e-11,0.09622504498470386
191.48936170212767,5.9999999962488415,18.426072433474257,1.4142135628150785,-3.0800296212127214e-11,0.0962250449850407
191.73967459324157,5.99999999623834,18.450158802705385,1.4142135628163162,-3.084055907895595e-11,0.09622504498537754
191.98998748435545,5.999999996227839,18.47424517193651,1.4142135628175536,-3.088082194578469e-11,0.09622504498571437
192.24030037546936,5.999999996217337,18.498331541167637,1.4142135628187913,-3.092108481261343e-11,0.09622504498605121
192.49061326658324,5.999999996206836,18.52241791039876,1.414213562820029,-3.0961347679442166e-11,0.09622504498638804
192.74092615769712,5.999999996196334,18.546504279629886,1.4142135628212666,-3.10016105462709e-11,0.09622504498672488
192.99123904881102,5.999999996185832,18.57059064886101,1.414213562822504,-3.104187341309964e-11,0.0962250449870617
193.2415519399249,5.999999996175331,18.594677018092135,1.4142135628237418,-3.108213627992838e-11,0.09622504498739855
193.4918648310388,5.99999999616483,18.618763387323263,1.4142135628249795,-3.112239914675712e-11,0.09622504498773538
193.7421777221527,5.999999996154328,18.642849756554387,1.414213562826217,-3.116266201358586e-11,0.09622504498807222
193.9924906132666,5.999999996143827,18.666936125785515,1.4142135628274546,-3.120292488041459e-11,0.09622504498840904
194.24280350438048,5.999999996133325,18.69102249501664,1.4142135628286923,-3.124318774724333e-11,0.09622504498874589
194.49311639549438,5.999999996122824,18.715108864247764,1.41421356282993,-3.128345061407207e-11,0.09622504498908273
194.74342928660826,5.999999996112322,18.73919523347889,1.4142135628311674,-3.13237134809008e-11,0.09622504498941956
194.99374217772217,5.99999999610182,18.763281602710016,1.414213562832405,-3.136397634772954e-11,0.0962250449897564
195.24405506883605,5.9999999960913195,18.78736797194114,1.4142135628336427,-3.140423921455828e-11,0.09622504499009323
195.49436795994995,5.999999996080818,18.81145434117227,1.4142135628348802,-3.144450208138702e-11,0.09622504499043007
195.74468085106383,5.999999996070317,18.835540710403393,1.4142135628361179,-3.1484764948215755e-11,0.0962250449907669
195.99499374217774,5.999999996059815,18.85962707963452,1.4142135628373556,-3.15250278150445e-11,0.09622504499110374
196.24530663329162,5.999999996049313,18.88371344886564,1.414213562838593,-3.1565290681873235e-11,0.09622504499144056
196.49561952440553,5.999999996038812,18.90779981809677,1.4142135628398307,-3.1605553548701974e-11,0.0962250449917774
196.7459324155194,5.99999999602831,18.931886187327894,1.4142135628410684,-3.164581641553071e-11,0.09622504499211423
196.9962453066333,5.9999999960178085,18.955972556559022,1.414213562842306,-3.168607928235945e-11,0.09622504499245108
197.2465581977472,5.999999996007308,18.980058925790146,1.4142135628435435,-3.172634214918819e-11,0.09622504499278792
197.4968710888611,5.999999995996806,19.004145295021274,1.4142135628447812,-3.1766605016016926e-11,0.09622504499312474
197.74718397997498,5.999999995986305,19.0282316642524,1.4142135628460188,-3.1806867882845666e-11,0.09622504499346159
197.99749687108888,5.999999995975803,19.052318033483523,1.4142135628472563,-3.1847130749674406e-11,0.09622504499379841
198.24780976220276,5.999999995965301,19.07640440271465,1.414213562848494,-3.188739361650314e-11,0.09622504499413526
198.49812265331664,5.9999999959548,19.100490771945772,1.4142135628497317,-3.192765648333187e-11,0.09622504499447208
198.74843554443055,5.9999999959442984,19.1245771411769,1.4142135628509693,-3.196791935016061e-11,0.09622504499480893
198.99874843554443,5.999999995933797,19.148663510408024,1.4142135628522068,-3.200818221698935e-11,0.09622504499514575
199.24906132665834,5.999999995923296,19.172749879639152,1.4142135628534445,-3.204844508381809e-11,0.0962250449954826
199.4993742177722,5.999999995912794,19.196836248870277,1.4142135628546821,-3.2088707950646824e-11,0.09622504499581942
199.74968710888612,5.999999995902293,19.220922618101405,1.4142135628559196,-3.212897081747557e-11,0.09622504499615626
200.0,5.999999995891791,19.245008987332525,1.4142135628571573,-3.2169233684304304e-11,0.09622504499649309
