tau,r,phi,dt/dtau,dr/dtau,dphi/dtau
0.0,30.0,0.0,1.0178571428571428,-0.22362501682090097,0.0047777777777777775
0.2503128911138924,29.944013868071853,0.0011981789861177392,1.0179930959047356,-0.22370417416023636,0.004795660559788682
0.5006257822277848,29.888007918710674,0.002400847151633381,1.0181296431554212,-0.22378335925493598,0.004813650297809374
0.7509386733416772,29.831982145351514,0.0036080303478934097,1.0182667883551597,-0.22386257095728002,0.0048317478244597045
1.0012515644555695,29.775936540797026,0.004819758704803546,1.0184045358724734,-0.22394180791752885,0.004849954112385894
1.2515644555694618,29.719871101591565,0.006036049945565201,1.0185428882856906,-0.22402106932502283,0.0048682697383129764
1.5018773466833544,29.663785820322346,0.007256937547753445,1.018681850455152,-0.22410035366745887,0.004886695786392012
1.7521902377972467,29.607680689818388,0.008482453284548849,1.0188214269922353,-0.22417965951243168,0.004905233284776957
2.002503128911139,29.55155570369384,0.009712627700438424,1.018961622331067,-0.224258985467391,0.004923883224067325
2.2528160200250316,29.495410859218254,0.010947485619424114,1.0191024400805389,-0.22433833032534112,0.004942646420018671
2.5031289111389237,29.43924615184171,0.012187054712863849,1.0192438842603009,-0.224417692786927,0.004961523775414658
2.753441802252816,29.383061576662563,0.013431363202565109,1.019385958969411,-0.2244970715349388,0.0049805162098631815
3.0037546933667088,29.326857129664276,0.014680439936212833,1.0195286684045246,-0.22457646519599414,0.00499962466864099
3.254067584480601,29.270632808339027,0.015934314828301308,1.0196720169286533,-0.22465587230096432,0.005018850140777441
3.5043804755944934,29.214388609051298,0.01719301699593338,1.019816008780465,-0.22473529145228663,0.005038193582598805
3.7546933667083855,29.1581245309937,0.01845657744259622,1.0199606484880255,-0.22481472107494166,0.005057656027489618
4.005006257822278,29.10184056442842,0.019725021210473898,1.0201059396646475,-0.2248941601543513,0.005077238265303586
4.25531914893617,29.045536714287493,0.020998383134277813,1.0202518874262916,-0.22497360675531042,0.005096941485938206
4.505632040050063,28.98921297746813,0.022276692685260932,1.0203984960659045,-0.2250530594468499,0.005116766660183265
4.755944931163955,28.932869351348277,0.023559979654783014,1.020545769925625,-0.2251325167677259,0.005136714771953072
5.006257822277847,28.87650583568376,0.024848275407799422,1.020693713590318,-0.2252119771056001,0.005156786870277875
5.25657071339174,28.820122430121977,0.02614161124012262,1.0208423316339421,-0.225291438855378,0.005176984001167391
5.506883604505632,28.76371913425172,0.02744001841132883,1.0209916286246292,-0.2253709004160373,0.00519730720897569
5.7571964956195245,28.707295948159334,0.028743528512228153,1.0211416091814212,-0.22545036015520842,0.005217757551642888
6.0075093867334175,28.65085287242872,0.03005217346486457,1.0212922779742701,-0.22552981640917455,0.005238336100695142
6.25782227784731,28.594389908141334,0.0313659855225159,1.0214436397240376,-0.22560926748287186,0.005259043941244659
6.508135168961202,28.53790705687619,0.03268499726969386,1.0215956992024957,-0.22568871164988916,0.005279882171989687
6.758448060075094,28.481404320599992,0.03400924148463782,1.0217484612118306,-0.22576814716017946,0.005300851900547181
7.008760951188987,28.424881701568438,0.035338751015769526,1.0219019305662287,-0.2258475722469882,0.0053219542392593374
7.259073842302879,28.368339202692503,0.03667355924015129,1.02205611216021,-0.2259269851011432,0.005343190320754924
7.509386733416771,28.311776827371116,0.038013699854076224,1.0222110109374152,-0.22600638388279817,0.005364561290841332
7.759699624530664,28.255194579483394,0.039359206863317134,1.0223666318891524,-0.22608576672197964,0.005386068308173605
8.010012515644556,28.198592463388618,0.040710114583126567,1.0225229800543976,-0.22616513171858685,0.005407712544254433
8.260325406758449,28.141970483926258,0.04206645763823678,1.0226800605197939,-0.2262444769423919,0.005429495183434156
8.51063829787234,28.08532864640897,0.04342827095078737,1.022837878417854,-0.22632380043347314,0.005451417422537028
8.760951188986233,28.028666956470506,0.04479558947689227,1.0229964388877286,-0.2264031002116764,0.005473480462705811
9.011264080100126,27.97198542025276,0.04616844853059787,1.0231557471234518,-0.22648237426498,0.005495685519430929
9.261576971214017,27.915284044417,0.04754688380330306,1.0233158083768328,-0.2265616205487975,0.005518033823151665
9.51188986232791,27.85856283609401,0.048930931277429895,1.0234766279446,-0.2266408369890781,0.005540526616583575
9.762202753441803,27.801821802884092,0.05032062722642353,1.0236382111684001,-0.2267200214823066,0.005563165154718478
10.012515644555695,27.74506095285707,0.05171600821475228,1.0238005634347995,-0.2267991718955035,0.005585950704824463
10.262828535669588,27.688280294552275,0.05311711109790761,1.0239636901752824,-0.2268782860662248,0.0056088845464458865
10.51314142678348,27.631479837317524,0.054523973158180604,1.0241275968879298,-0.22695736178309148,0.005631967978226776
10.763454317897372,27.574659591735667,0.055936632275526234,1.0242922891646984,-0.22703639676128684,0.005655202326497557
11.013767209011265,27.517819568315158,0.057355126403051786,1.024457772607679,-0.22711538871777323,0.0056785889189158905
11.264080100125158,27.460959778056782,0.05877949379402569,1.0246240528653408,-0.2271943353387381,0.005702129095874939
11.514392991239049,27.40408023249063,0.060209773016685085,1.0247911356348942,-0.2272732342774708,0.005725824211247508
11.764705882352942,27.34718094367608,0.061646002954235835,1.024959026662292,-0.2273520831543623,0.005749675632386045
12.015018773466835,27.290261924201808,0.06308822280485248,1.025127731742229,-0.22743087955690547,0.005773684740122643
12.265331664580726,27.23332318570175,0.06453647147967478,1.025297256623569,-0.22750962112954104,0.005797852898474548
12.51564455569462,27.176364746630504,0.06599079075692092,1.0254676075048428,-0.22758830510292113,0.005822181613367917
12.76595744680851,27.119386619373472,0.06745122005307919,1.025638790212826,-0.22766692907428437,0.005846672269509623
13.016270337922403,27.062388819394343,0.06891780013361579,1.0258108107854742,-0.22774549045365008,0.005871326317120408
13.266583229036296,27.005371362705574,0.07039057208686134,1.0259836753107252,-0.22782398661696093,0.00589614522029799
13.516896120150188,26.948334265877154,0.07186957732756802,1.026157389927058,-0.22790241490555213,0.0059211304571960745
13.76720901126408,26.89127754604536,0.07335485760046682,1.026331960824051,-0.2279807726256204,0.005946283520203357
14.017521902377974,26.834201220921543,0.07484645498382468,1.026507394242942,-0.22805905704769316,0.005971605916122534
14.267834793491865,26.777105309225703,0.07634441206332666,1.0266836965040695,-0.22813726538000384,0.005997099175081306
14.518147684605758,26.719989831346698,0.07784877219681742,1.02686087404866,-0.22821539472794727,0.006022764864101427
14.76846057571965,26.662854807451108,0.07935957875612032,1.0270389333191503,-0.2282934422102475,0.006048604548225944
15.018773466833542,26.605700258326337,0.08087687546510025,1.0272178808125465,-0.2283714049071805,0.0060746198078471935
15.269086357947435,26.548526205463833,0.08240070643307823,1.027397723085695,-0.2284492798554691,0.006100812240416499
15.519399249061328,26.49133267107214,0.08393111616010465,1.0275784667561128,-0.2285270640474891,0.006127183460711152
15.76971214017522,26.43411967808995,0.08546814954223254,1.0277601185028165,-0.22860475443047562,0.006153735101101402
16.020025031289112,26.376887250199154,0.08701185187679086,1.0279426850671527,-0.22868234790572925,0.006180468811817439
16.270337922403005,26.31963541183788,0.08856226886765772,1.028126173253627,-0.22875984132782212,0.006207386261216381
16.520650813516898,26.262364188213553,0.0901194466305337,1.0283105899307345,-0.2288372315038043,0.006234489136049254
16.770963704630788,26.205073605315953,0.09168343169821504,1.028495942031788,-0.22891451519240996,0.006261779141727984
17.02127659574468,26.147763689957817,0.09325427103526149,1.0286822365572508,-0.2289916891016113,0.006289258003120131
17.271589486858574,26.090434470469482,0.09483201227547486,1.0288694806126595,-0.22906874984698983,0.0063169274778605
17.521902377972467,26.033085975848238,0.09641670343291846,1.029057681362448,-0.22914569400268936,0.0063447893400878
17.77221526908636,25.97571823572216,0.09800839289043131,1.0292468460280975,-0.22922251810356936,0.0063728453797701505
18.022528160200253,25.918331280615302,0.09960712949080189,1.0294369819026912,-0.22929921862930497,0.006401097407797713
18.272841051314142,25.860925141963257,0.10121296254288999,1.0296280963518778,-0.22937579200344385,0.006429547256297342
18.523153942428035,25.80349985212867,0.10282594182774857,1.0298201968148384,-0.2294522345924633,0.006458196778947241
18.773466833541928,25.7460554444168,0.10444611760474548,1.0300132908052502,-0.22952854270482717,0.006487047851291617
19.02377972465582,25.688591953091038,0.10607354061768529,1.0302073859122525,-0.22960471259004286,0.0065161023710553325
19.274092615769714,25.631109413388476,0.10770826210093118,1.0304024898014121,-0.22968074043771824,0.006545362258458559
19.524405506883607,25.573607861535418,0.10935033378552665,1.0305986102156883,-0.22975662237661867,0.006574829456531437
19.774718397997496,25.516087334762936,0.11099980790531741,1.030795754976398,-0.22983235447372408,0.006604505931428719
20.02503128911139,25.458547871065925,0.11265673708312725,1.0309939319642574,-0.22990793274606994,0.006634393667241792
20.275344180225282,25.400989509019755,0.11432117424386529,1.0311931491048953,-0.2299833531697182,0.006664494662046185
20.525657071339175,25.34341228864785,0.11599317301911859,1.0313934144360102,-0.23005861163634397,0.006694810946496488
20.77596996245307,25.28581625101988,0.1176727875580896,1.0315947360759112,-0.2301337039730958,0.006725344575186717
21.02628285356696,25.228201438246646,0.11936007252406548,1.031797122222882,-0.2302086259426815,0.0067560976265221544
21.27659574468085,25.170567893493562,0.12105508309957204,1.0320005811559838,-0.23028337324252826,0.006787072202989597
21.526908635794744,25.112915660994116,0.12275787499152792,1.032205121235861,-0.23035794150394284,0.0068182704314276215
21.777221526908637,25.055244786063348,0.12446850443639841,1.0324107509055447,-0.23043232629127153,0.0068496944632968305
22.02753441802253,24.997555315111324,0.12618702820534963,1.0326174786912576,-0.23050652310106046,0.006881346474950116
22.277847309136423,24.93984729565659,0.12791350360940246,1.0328253132032192,-0.23058052736121565,0.006913228667902907
22.528160200250316,24.882120776339665,0.12964798850458661,1.0330342631364484,-0.23065433443016317,0.006945343269103433
22.778473091364205,24.82437580697829,0.1313905413097481,1.0332443372736284,-0.2307279395933285,0.0069776925320165105
23.028785982478098,24.766612439166494,0.13314122118894045,1.0334555445147364,-0.23080133802474836,0.007010278748289038
23.27909887359199,24.70883072544905,0.1349000878026343,1.0336678938365462,-0.23087452484002996,0.007043104231693219
23.529411764705884,24.651030719413875,0.13666720133676127,1.0338813942973173,-0.23094749509044987,0.007076171319932795
23.779724655819777,24.593212475879508,0.13844262256053388,1.034096055046165,-0.23102024375095678,0.007109482378299379
24.03003754693367,24.53537605091069,0.14022641283224044,1.034311885323971,-0.23109276571919585,0.007143039799983918
24.28035043804756,24.47752150183396,0.14201863410503973,1.0345288944642896,-0.23116505581453298,0.007176846006388141
24.530663329161452,24.419648887253235,0.14381934893275608,1.0347470918942585,-0.23123710877707931,0.00721090344743602
24.780976220275345,24.3617582670654,0.14562862047567401,1.0349664871355062,-0.23130891926671557,0.007245214601885226
25.03128911138924,24.303849702475905,0.14744651250633312,1.0351870898050615,-0.23138048186211635,0.007279781977638588
25.28160200250313,24.245923256014336,0.14927308941532305,1.0354089096162618,-0.23145179105977456,0.007314608112055541
25.53191489361702,24.18797899155001,0.15110841621707813,1.035631956379662,-0.23152284127302575,0.007349695572263594
25.782227784730914,24.13001697481723,0.15295255870896826,1.0358562400257698,-0.23159362679778042,0.007385046964378005
26.032540675844807,24.0720372735285,0.15480558350646378,1.036081770610137,-0.2316641418051699,0.007420664935519987
26.2828535669587,24.014039956165206,0.15666755768049714,1.036308558261808,-0.23173438042058525,0.007456552152718004
26.533166458072593,23.95602509266231,0.15853854896451058,1.0365366132128846,-0.23180433667899472,0.007492711314914304
26.783479349186486,23.897992754439834,0.16041862576503949,1.0367659458001168,-0.23187400452292795,0.007529145153554641
27.033792240300375,23.839943014421845,0.16230785716851834,1.0369965664659544,-0.23194337780128083,0.007565856432958495
27.284105131414268,23.781875947055365,0.16420631294808696,1.0372284857596006,-0.23201245026812015,0.007602847950689292
27.53441802252816,23.72379162832935,0.1661140635703964,1.0374617143380642,-0.23208121558148853,0.007640122537924625
27.784730913642054,23.665690135793632,0.16803118020241523,1.0376962629672128,-0.232149667302209,0.007677683059826473
28.035043804755947,23.60757154857786,0.1699577347182354,1.0379321425228252,-0.23221779889268987,0.007715532415911427
28.28535669586984,23.54943594741046,0.17189379970587845,1.0381693639916434,-0.2322856037157294,0.007753673540420905
28.53566958698373,23.491283415534095,0.17383944876333696,1.0384079385153016,-0.2323530749696659,0.007792109420318093
28.785982478097623,23.43311403619267,0.1757947556885178,1.0386478772702903,-0.232420205866957,0.007830843045876527
29.036295369211516,23.374927896995196,0.17775979588781082,1.038889191676799,-0.23248698932448564,0.007869877496477199
29.28660826032541,23.31672508575793,0.17973464503537226,1.03913189320002,-0.2325534182589265,0.0079092158588574
29.5369211514393,23.258505692072756,0.1817193795798058,1.0393759934252984,-0.2326194854755386,0.00794886125794458
29.787234042553195,23.20026980732702,0.18371407675125764,1.0396215040592298,-0.23268518366690655,0.007988816857244152
30.037546933667084,23.1420175247237,0.18571881456861083,1.039868436930768,-0.23275050541165984,0.008029085859233401
30.287859824780977,23.08374893930185,0.18773367184677986,1.0401168039923525,-0.23281544317317007,0.008069671505761458
30.53817271589487,23.02546414795738,0.1897587282041043,1.0403666173210468,-0.23287998929822634,0.008110577078455338
30.788485607008763,22.967163249464154,0.19179406406984262,1.0406178891196938,-0.23294413601568872,0.008151805899132065
31.038798498122656,22.90884634449534,0.19383976069176537,1.0408706317180842,-0.23300787543511975,0.008193361330216873
31.28911138923655,22.85051353564516,0.19589590014384833,1.0411248575741423,-0.233071199545394,0.008235246775167472
31.53942428035044,22.792164928354943,0.19796256560150674,1.0413805793125948,-0.233134100151935,0.008277465695037433
31.78973717146433,22.733800630661563,0.20003984126846305,1.041637809714833,-0.23319656889386797,0.008320021604024928
32.040050062578224,22.675420751736265,0.20212781194581375,1.0418965616586435,-0.2332585973432521,0.008362918043437664
32.29036295369212,22.617025402852324,0.2042265633195829,1.0421568481586057,-0.2333201769394943,0.008406158598999595
32.54067584480601,22.55861469741912,0.2063361819721191,1.0424186823677997,-0.23338129898711382,0.008449746901498958
32.7909887359199,22.50018875101306,0.20845675539256525,1.0426820775793852,-0.23344195465372028,0.008493686627380396
33.041301627033796,22.441747681409034,0.21058837198749622,1.042947047228203,-0.23350213496795438,0.008537981499347308
33.29161451814769,22.383291608612424,0.2127311210917246,1.0432136048924014,-0.23356183081739074,0.008582635286974382
33.541927409261575,22.324820654891624,0.21488509297927463,1.0434817642950884,-0.23362103294640316,0.008627651807330343
33.79224030037547,22.266334944811128,0.2170503788745245,1.0437515393060068,-0.23367973195399228,0.008673034925610904
34.04255319148936,22.20783460526515,0.219227070963516,1.0440229439432338,-0.23373791829157564,0.00871878855578191
34.292866082603254,22.14931976551178,0.22141526240543324,1.0442959923749058,-0.23379558226074001,0.00876491666123269
34.54317897371715,22.090790557207683,0.2236150473442487,1.0445706989209664,-0.23385271401095614,0.008811423255439618
34.79349186483104,22.032247114443347,0.2258265209205379,1.0448470780549397,-0.23390930353725584,0.008858312402639864
35.04380475594493,21.973689574263638,0.228049779416647,1.0451251444228167,-0.2339653406449024,0.008905588226619236
35.294117647058826,21.91511807723898,0.23028492041577298,1.0454049128637293,-0.23402081491062077,0.008953254920346506
35.54443053817272,21.85653276561516,0.23253204229587404,1.0456863983452798,-0.2340757158084908,0.009001316715134345
35.79474342928661,21.797933784244883,0.23479124448779246,1.045969615996928,-0.23413003264666782,0.00904977789630002
36.045056320400505,21.739321280687644,0.23706262750493032,1.046254581114071,-0.23418375456065857,0.009098642804925828
36.2953692115144,21.68069540525468,0.23934629295784648,1.0465413091601894,-0.23423687051033312,0.00914791583870199
36.545682102628284,21.62205631105465,0.24164234356907768,1.0468298157690252,-0.23428936927688562,0.009197601452783182
36.79599499374218,21.563404154040057,0.24395088318818425,1.0471201167467925,-0.23434123945974353,0.009247704160658675
37.04630788485607,21.504739093054425,0.24627201680701916,1.0474122280744187,-0.2343924694734251,0.009298228535036075
37.29662077596996,21.446061289880213,0.2486058505752221,1.0477061659098168,-0.23444304754434564,0.009349179208738699
37.546933667083856,21.38737090928748,0.25095249181593726,1.0480019465901915,-0.23449296170757206,0.00940056087561655
37.79724655819775,21.32866811908328,0.25331204904175547,1.0482995866343732,-0.23454219980352592,0.009452378291470916
38.04755944931164,21.269953090161817,0.2556846319708805,1.0485991027451875,-0.23459074947463518,0.00950463627499257
38.297872340425535,21.211225996555346,0.25807035154351926,1.048900511811854,-0.234638598161934,0.009557339708713603
38.54818523153943,21.152487015400315,0.26046931990340466,1.0492038309046823,-0.23468573310631635,0.009610493537656677
38.79849812265332,21.09373632664865,0.2628816502746095,1.049509077246679,-0.23473214136380574,0.00966410276107213
39.048811013767214,21.034974113811337,0.26530745726204424,1.0498162682785015,-0.2347778097640012,0.009718172452137998
39.29912390488111,20.976200563778143,0.267746856772629,1.0501254216398024,-0.23482272491935707,0.00977270775262249
39.54943679599499,20.917415866812988,0.27019996600848073,1.050436555166426,-0.23486687322478678,0.009827713872298418
39.799749687108886,20.858620216607132,0.27266690348375927,1.050749686892802,-0.23491024085407303,0.00988319608991798
40.05006257822278,20.799813810333045,0.2751477890417086,1.0510648350543614,-0.23495281375623042,0.00993915975419929
40.30037546933667,20.74099684869896,0.27764274387189486,1.0513820180899818,-0.23499457765182014,0.00999561028482467
40.550688360450565,20.682169536004064,0.2801518905276396,1.051701254644454,-0.23503551802921713,0.010052553173450664
40.80100125156446,20.623332080194437,0.28267535294364915,1.052022563570977,-0.23507562014082947,0.01010999398472982
41.05131414267835,20.564484692919578,0.28521325645384005,1.0523459639336763,-0.23511486899926992,0.010167938357344211
41.30162703379224,20.505627589589675,0.2877657278093599,1.0526714750101496,-0.23515324937348,0.010226392005050692
41.55193992490614,20.44676098943352,0.29033289519680444,1.0529991162940344,-0.23519074578480612,0.010285360717737923
41.80225281602003,20.387885115557115,0.2929148882566307,1.0533289074976058,-0.23522734250302801,0.010344850362495125
42.05256570713392,20.32900019505284,0.2955118381107922,1.0536608685544533,-0.23526302353900821,0.010404866885178369
42.30287859824781,20.270106459668867,0.2981238774917409,1.0539950196228427,-0.2352977725999563,0.01046541631743321
42.5531914893617,20.211204144953385,0.30075114059572927,1.054331381087312,-0.23533157314646613,0.010526504768881433
42.803504380475594,20.152293490440773,0.30339376312458544,1.0546699735615135,-0.23536440838002035,0.010588138429451926
43.05381727158949,20.093374739889487,0.30605188233691577,1.0550108178911426,-0.23539626122704072,0.01065032357222006
43.30413016270338,20.034448141347966,0.30872563706827844,1.0553539351566876,-0.23542711433441418,0.010713066554578439
43.55444305381727,19.97551394722128,0.31141516775157213,1.055699346676208,-0.2354569500649642,0.010776373819420412
43.804755944931166,19.9165724143386,0.3141206164376387,1.0560470740081338,-0.2354857504928676,0.010840251896336337
44.05506883604506,19.857623804021387,0.3168421268160813,1.0563971389540943,-0.2355134973990166,0.010904707402822605
44.30538172715895,19.798668382152435,0.3195798442362961,1.05674956356177,-0.23554017226632631,0.010969747045503405
44.555694618272845,19.739706419245636,0.32233391572871967,1.0571043701277711,-0.23556575627498758,0.011035377621365269
44.80600750938674,19.68073819051654,0.3251044900262904,1.0574615812005403,-0.23559023029766515,0.01110160601900435
45.05632040050063,19.621763975953705,0.3278917175861245,1.0578212195832823,-0.23561357489464135,0.011168439219886467
45.30663329161452,19.56278406039081,0.33069575061140705,1.0581833083369179,-0.23563577030890479,0.0112358842996199
45.55694618272841,19.503798733599343,0.33351674307760953,1.058547870783172,-0.23565679645987628,0.011303948429422145
45.8072590738423,19.44480829172529,0.336354851038244,1.0589149305150194,-0.23567663284819532,0.011372638889907322
46.057571964956196,19.385813035916375,0.33921023234645437,1.059284511391816,-0.23569525864640978,0.011441963059136626
46.30788485607009,19.326813271870254,0.3420830465681692,1.0596566375394758,-0.23571265272872177,0.011511928409112911
46.55819774718398,19.26780931060532,0.34497345514954325,1.060031333357347,-0.2357287936198281,0.011582542513483493
46.808510638297875,19.208801468545197,0.34788162144173934,1.0604086235213606,-0.2357436594891714,0.011653813048960092
47.05882352941177,19.149790067604286,0.35080771072597566,1.060788532987206,-0.23575722814512007,0.011725747796753817
47.30913642052566,19.09077543527432,0.3537518902388396,1.061171086993534,-0.2357694770290772,0.011798354644025195
47.559449311639554,19.031757904711938,0.35671432919786805,1.0615563110651864,-0.23578038320951838,0.011871641585349195
47.80976220275345,18.972737814827315,0.3596951988273938,1.0619442310164524,-0.23578992337595853,0.011945616724195324
48.06007509386734,18.913715510373788,0.36269467238465825,1.062334872954351,-0.23579807383284745,0.01202028827442273
48.310387984981226,18.85469134203854,0.3657129251861899,1.0627282632819417,-0.23580481049339463,0.012095664561790327
48.56070087609512,18.795665666534276,0.36875013463445055,1.0631244287016608,-0.23581010887332257,0.012171754025481991
48.81101376720901,18.736638846691967,0.37180648024474566,1.063523396218685,-0.23581394408454948,0.012248565219646734
49.061326658322905,18.6776112515546,0.37488214367240275,1.0639251931443214,-0.23581629082880046,0.012326106814953948
49.3116395494368,18.61858325745414,0.37797730895512444,1.0643298470957097,-0.235817123320568,0.012404387607611212
49.56195244055069,18.55955524779738,0.38109216247286526,1.0647373860004374,-0.2358164153028589,0.012483416518598855
49.812265331664584,18.50052761157149,0.3842268926276527,1.065147838106032,-0.2358141401549329,0.012563202583205167
50.06257822277848,18.441500744459713,0.3873816900945216,1.0655612319796062,-0.2358102708124938,0.012643754960358989
50.31289111389237,18.382475048951648,0.39055674785251915,1.0659775965113405,-0.23580477976012607,0.012725082934346592
50.56320400500626,18.323450934451127,0.393752261215221,1.0663969609180037,-0.23579763902390785,0.012807195916517428
50.813516896120156,18.264428817385358,0.396968427861569,1.0668193547464997,-0.23578882016393507,0.012890103447006808
51.06382978723404,18.205409121315355,0.4002054478670295,1.06724480787744,-0.2357782942667566,0.012973815196475516
51.314142678347935,18.14639227704765,0.40346352373507327,1.0676733505287423,-0.23576603193772006,0.013058340967866343
51.56445556946183,18.087378722747278,0.4067428604289751,1.0681050132592556,-0.23575200329322904,0.01314369069817754
51.81476846057572,18.028368904052023,0.41004366540393566,1.0685398269724093,-0.23573617795291094,0.013229874460253213
52.065081351689614,17.969363274187973,0.4133661486395236,1.0689778229198903,-0.23571852503169594,0.013316902464590632
52.31539424280351,17.910362294086337,0.41671052267243874,1.0694190327053443,-0.23569901313180683,0.013404785061164468
52.5657071339174,17.85136643250151,0.42007700262959663,1.0698634882881042,-0.23567761033465995,0.013493532741267958
52.81602002503129,17.792376167019953,0.42346580641144105,1.070311221969364,-0.23565428413999898,0.013583156140628654
53.066332916145186,17.73339198514133,0.42687715488755706,1.0707622663769767,-0.23562900140073043,0.013673666042641596
53.31664580725908,17.67441438097025,0.43031127135259695,1.0712166545370503,-0.23560172851771052,0.013765073375411083
53.56695869837297,17.615443856970263,0.43376838183550087,1.0716744198455497,-0.2355724313347059,0.013857389215965422
53.817271589486865,17.55648092419936,0.4372487151528986,1.07213559606996,-0.23554107512327385,0.013950624792339722
54.06758448060075,17.497526102447516,0.44075250294610213,1.0726002173529352,-0.23550762457343202,0.014044791485535238
54.31789737171464,17.438579920375858,0.444279979718483,1.0730683182159693,-0.2354720437842171,0.014139900831496206
54.568210262828536,17.379642915657474,0.44783138287323165,1.073539933563082,-0.23543429625413267,0.014235964523104072
54.81852315394243,17.32071563511991,0.4514069527515022,1.074015098684525,-0.23539434487148575,0.014332994412189227
55.06883604505632,17.26179863488927,0.45500693267093933,1.074493849260507,-0.2353521519046123,0.014431002511560162
55.319148936170215,17.20289248053599,0.4586315689645899,1.0749762213649359,-0.23530767899199184,0.014530000997050088
55.56946182728411,17.143997747222276,0.4622811110201975,1.0754622514691807,-0.23526088713225088,0.014630002209581005
55.819774718398,17.08511501985114,0.46595581131988095,1.0759519764458512,-0.23521173667405523,0.014731018657245217
56.070087609511894,17.026244893217164,0.4696559254801966,1.076445433572596,-0.23516018730589147,0.014833063017404313
56.32040050062579,16.967387972702987,0.47338171236534254,1.0769426605116907,-0.23510619801728785,0.014936148135173263
56.57071339173968,16.90854487657585,0.47713343441445166,1.0774436952184783,-0.2350497269763639,0.015040287011253286
56.821026282853566,16.849716231787767,0.48091135710045163,1.077948576139151,-0.23499073174698337,0.015145492833155772
57.07133917396746,16.790902675617964,0.48471574917022936,1.0784573421484993,-0.2349291692004499,0.015251778967458055
57.32165206508135,16.732104856201794,0.48854688273607677,1.0789700325373297,-0.23486499548539128,0.015359158959520156
57.571964956195245,16.67332343270502,0.4924050333198826,1.0794866870157651,-0.23479816601615994,0.015467646535597228
57.82227784730914,16.614559075500186,0.49629047989776587,1.0800073457165447,-0.2347286354610994,0.015577255604966542
58.07259073842303,16.555812466345078,0.5002035049451508,1.0805320491983241,-0.23465635773067714,0.01568800026206904
58.322903629536924,16.49708429856324,0.5041443944822833,1.0810608384489728,-0.23458128596548355,0.015799894788665413
58.57321652065082,16.438375277226616,0.5081134381201904,1.081593754888871,-0.23450337252409723,0.015912953656006753
58.82352941176471,16.379686119340235,0.5121109291070797,1.0821308403742076,-0.23442256897081623,0.016027191527019733
59.0738423028786,16.321017554029012,0.5161371643751821,1.0826721372002748,-0.23433882606325587,0.016142623258506357
59.324155193992496,16.262370322726618,0.5201924445880354,1.083217688104763,-0.2342520937398125,0.016259263903358245
59.57446808510639,16.203745179366432,0.5242770741882099,1.0837675362710555,-0.23416232110699356,0.016377128712785467
59.824780976220275,16.145142890822747,0.5283913614633543,1.084321725311022,-0.23406945641746285,0.016496233133588313
60.07509386733417,16.086564240089572,0.5325356188097596,1.0848802990218471,-0.23397344694707836,0.016616592750639828
60.32540675844806,16.028010021975803,0.5367101624570668,1.0854433017612095,-0.23387423914783617,0.016738223379352803
60.575719649561954,15.969481043933458,0.5409153125630719,1.0860107783986166,-0.23377177861147208,0.016861141055366142
60.82603254067585,15.91097812711476,0.5451513933253082,1.086582774248011,-0.23366601002456844,0.016985362019703378
61.07634543178974,15.85250210659146,0.549418733032565,1.0871593350697484,-0.23355687715449663,0.017110902720770916
61.32665832290363,15.794053831576768,0.5537176641168862,1.0877405070725337,-0.23344432283520655,0.017237779816360686
61.576971214017526,15.73563416564985,0.5580485232060451,1.0883263369153129,-0.23332828895286395,0.017366010175657157
61.82728410513142,15.677243986982944,0.5624116511764999,1.088916871709123,-0.23320871643133512,0.01749561088124873
62.07759699624531,15.618884188571045,0.5668073932068259,1.0895121590188999,-0.23308554521751895,0.017626599231143496
62.327909887359205,15.5605556784642,0.5712360988316266,1.0901122468652404,-0.23295871426652678,0.01775899274078939
62.5782227784731,15.502259380002384,0.5756981219959235,1.090717183726126,-0.23282816152670932,0.01789280914509868
62.828535669586984,15.443996232052976,0.5801938211100234,1.0913270185385997,-0.23269382392453147,0.018028066400476883
63.07884856070088,15.385767189250814,0.5847235591048652,1.0919418007004031,-0.23255563734929424,0.01816478268685602
63.32916145181477,15.327573188681548,0.5892876986102651,1.0925615814127048,-0.2324135383086738,0.018302976624374034
63.57947434292866,15.269415299548955,0.5938866231282836,1.0931864073513236,-0.23226745661173134,0.01844266619598021
63.829787234042556,15.211294478727746,0.5985207021880082,1.0938163308431905,-0.23211732738400667,0.018583870451104278
64.08010012515645,15.153211749046534,0.6031903174458927,1.0944514028532086,-0.23196308214846487,0.018726608403555
64.33041301627034,15.095168150337962,0.6078958553199847,1.0950916747891695,-0.2318046513221846,0.018870899292141804
64.58072590738423,15.037164739747395,0.6126377070526685,1.0957371984991036,-0.23164196419825878,0.01901676258173753
64.83103879849813,14.9792025920416,0.617416268773405,1.0963880262686323,-0.23147494892769477,0.019164217964341233
65.08135168961202,14.921282799917437,0.6222319415614748,1.0970442108183194,-0.23130353250131508,0.019313285360140944
65.33166458072591,14.863406474310535,0.6270851315087176,1.0977058053010222,-0.23112764073165756,0.019463984918576458
65.5819774718398,14.80557474470399,0.6319762497822756,1.0983728632992433,-0.23094719823487603,0.019616337019402096
65.8322903629537,14.747788759437045,0.6369057126873336,1.0990454388224817,-0.23076212841264065,0.0197703622737495
66.08260325406759,14.690049686013774,0.6418739417298612,1.0997235863045847,-0.2305723534340383,0.019926081525190383
66.33291614518149,14.632358711411774,0.6468813636793537,1.100407360601099,-0.2303777942174732,0.020083515850799344
66.58322903629538,14.574717042390844,0.6519284106315736,1.101096816986622,-0.23017837041256708,0.02024268656221661
66.83354192740927,14.517125905801674,0.6570155200712926,1.101792011152154,-0.22997400038205992,0.020403615206710825
67.08385481852315,14.459586549998301,0.6621431347480179,1.1024929989494239,-0.2297646012119677,0.020566323486548174
67.33416770963704,14.402100245869072,0.6673117026163551,1.1031998362226634,-0.2295500887119746,0.020730833206595363
67.58448060075094,14.344668285565756,0.6725216771663832,1.1039125791680626,-0.2293303773568939,0.02089716639229435
67.83479349186483,14.287291983548062,0.6777735173560575,1.1046312841598616,-0.22910538028923816,0.021065345235295994
68.08510638297872,14.229972673678981,0.6830676880443083,1.105356008405122,-0.22887500927514767,0.02123539230264279
68.33541927409262,14.172711711320249,0.6884046598359862,1.1060868095701293,-0.2286391747045676,0.021407330420083696
68.58573216520651,14.115510474530979,0.6937849090323258,1.1068237455912484,-0.2283977855834798,0.021581182613839626
68.8360450563204,14.058370363959375,0.6992089177501456,1.1075668747582033,-0.22815074950906927,0.021756972138980334
69.0863579474343,14.00129280580372,0.7046771737529927,1.10831625518364,-0.22789797264529094,0.021934722314721773
69.33667083854819,13.944279249313457,0.7101901707517062,1.1090719453540692,-0.2276393597134902,0.02211445669908818
69.58698372966208,13.887331167671698,0.71574840841426,1.1098340040110857,-0.22737481397370013,0.022296199053398795
69.83729662077597,13.830450058364855,0.7213523923712737,1.1106024901172769,-0.22710423722567616,0.022479973331977682
70.08760951188987,13.773637443207903,0.7270026342326731,1.1113774628838866,-0.2268275298178629,0.022665803690729732
70.33792240300376,13.716894869316521,0.732699651693975,1.112158981670632,-0.22654459058903986,0.022853714460371984
70.58823529411765,13.660223909237155,0.7384439685624868,1.1129471059992044,-0.22625531687001177,0.023043730151075754
70.83854818523155,13.603626161615955,0.7442361148033696,1.113741895492976,-0.22595960446127566,0.023235875435236406
71.08886107634544,13.547103251468263,0.7500766265871835,1.1145434098719489,-0.22565734762105905,0.023430175147371543
71.33917396745933,13.490656830373707,0.7559660463375878,1.115351708957988,-0.22534843905534638,0.023626654287203022
71.58948685857322,13.434288578120272,0.7619049228931759,1.1161668525590847,-0.22503276986352064,0.02382533798875062
71.83979974968712,13.378000197475233,0.767893810864575,1.1169889007543066,-0.22471022974089427,0.024026251588696063
72.09011264080101,13.321793425251954,0.7739332718993625,1.1178179132295516,-0.2243807065781415,0.024229420459523317
72.3404255319149,13.265670022878972,0.780023873669487,1.118653949885378,-0.22404408678348847,0.024434870166853966
72.5907384230288,13.209631781094618,0.7861661903045574,1.1194970704960454,-0.22370025514149858,0.024642626376891134
72.84105131414267,13.153680520393587,0.7923608023408893,1.120347334629228,-0.22334909482411075,0.024852714829749763
73.09136420525657,13.097818090074206,0.7986082968302128,1.1212048018173024,-0.22299048736708957,0.025065161396355413
73.34167709637046,13.042046368581577,0.8049092673005195,1.1220695314956581,-0.22262431267850685,0.025279992057952175
73.59198998748435,12.986367263858767,0.8112643137609853,1.1229415829621359,-0.22225044903543528,0.025497232893583778
73.84230287859825,12.930782718803336,0.8176740428322681,1.123821014773849,-0.22186877301823635,0.025716909895712008
74.09261576971214,12.875294705637303,0.8241390676120662,1.1247078853695427,-0.22147915957836198,0.025939049160461466
74.34292866082603,12.819905225451965,0.8306600076642494,1.1256022531199095,-0.22108148204383626,0.02616367690300048
74.59324155193993,12.764616309464985,0.8372374890488772,1.1265041761886287,-0.22067561210411638,0.02639081941506285
74.84355444305382,12.709430024413829,0.8438721444683094,1.1274137119422616,-0.22026141974155214,0.026620502884860942
75.09386733416771,12.654348475463296,0.8505646133459726,1.1283309166321356,-0.21983877319443643,0.026852753300003113
75.3441802252816,12.599373794488974,0.8573155415089535,1.1292558466762668,-0.2194075391059011,0.027087596838709347
75.5944931163955,12.544508145169317,0.8641255813259454,1.1301885581022304,-0.21896758245920597,0.0273250596997869
75.84480600750939,12.489753724421165,0.8709953916939577,1.1311291063621853,-0.21851876657382732,0.02756516804419152
76.09511889862328,12.435112772849038,0.8779256379195985,1.1320775449746798,-0.21806095308302048,0.02780794756522371
76.34543178973718,12.380587561324322,0.8849169918715525,1.1330339272690848,-0.21759400196263784,0.028053424040558446
76.59574468085107,12.326180392843268,0.891970131959471,1.1339983061440893,-0.2171177715271394,0.028301623255820717
76.84605757196496,12.271893604133856,0.8990857431155902,1.1349707338587742,-0.21663211842617625,0.0285525709384662
77.09637046307886,12.21772957342911,0.9062645163084454,1.1359512608049236,-0.21613689773559025,0.028806292356340493
77.34668335419275,12.163690718585308,0.9135071486605915,1.1369399358042287,-0.21563196293538453,0.029062812414861798
77.59699624530664,12.109779488457674,0.9208143439881266,1.1379368074703755,-0.2151171658087618,0.029322156102408226
77.84730913642053,12.055998367469428,0.92818681251486,1.1389419234874294,-0.2145923564956125,0.029584348254357747
78.09762202753443,12.002349878023809,0.9356252705578083,1.1399553301417629,-0.21405738356520385,0.02984941339564554
78.34793491864832,11.948836589740838,0.9431304393228157,1.1409770705295925,-0.21351209429453874,0.03011737513784517
78.59824780976221,11.89546110456708,0.9507030468460892,1.1420071874465418,-0.21295633421962362,0.030388257151111667
78.84856070087609,11.842226060808214,0.9583438274683915,1.1430457226050892,-0.2123899472569941,0.030662082900959894
79.09887359198999,11.789134134072066,0.9660535217120807,1.1440927164515649,-0.21181277573213417,0.030938875586708877
79.34918648310388,11.736188044865205,0.9738328746334156,1.145148206341308,-0.21122466078254212,0.03121865751347241
79.59949937421777,11.683390557852801,0.9816826359830899,1.1462122267164583,-0.21062544231846012,0.031501450153345045
79.84981226533166,11.630744471585233,0.9896035624345244,1.1472848115738232,-0.21001495847777968,0.03178727499470472
80.10012515644556,11.57825262372541,0.9975964164500641,1.148365993209175,-0.2093930459033973,0.03207615311006954
80.35043804755945,11.525917891949051,1.0056619659629384,1.1494558019382766,-0.20875953982383022,0.03236810505793923
80.60075093867334,11.473743204001735,1.0138009808218837,1.15055426297917,-0.20811427495445525,0.032663149785772595
80.85106382978724,11.421731525827544,1.0220142369879153,1.151661400132327,-0.20745708443368532,0.032961305924914246
81.10137672090113,11.369885862175787,1.030302516319839,1.1527772355925663,-0.206787799877339,0.03326259172441395
81.35168961201502,11.31820925854936,1.038666605885464,1.1539017893450547,-0.20610625155323875,0.03356702483849904
81.60200250312892,11.266704804783211,1.0471072959653949,1.155035077685177,-0.2054122688928749,0.033874621796218085
81.85231539424281,11.215375639951702,1.0556253773155142,1.1561771111887473,-0.2047056811930806,0.03418539727413221
82.1026282853567,11.1642249405547,1.0642216477572457,1.1573278995984964,-0.20398631592682875,0.03449936584722862
82.3529411764706,11.113255925038093,1.0728969096558247,1.1584874499542828,-0.2032539993895966,0.034816541318942726
82.60325406758449,11.062471854163581,1.081651969670555,1.1596557664185272,-0.20250855676349128,0.03513693665819653
82.85356695869838,11.011876037518757,1.0904876327395445,1.1608328463979518,-0.20174981366518974,0.035460562587181964
83.10387984981227,10.961471828628781,1.0994047065964698,1.1620186834557034,-0.2009775949836155,0.035787428641771646
83.35419274092617,10.911262622018974,1.108404004484724,1.163213269061264,-0.20019172418149264,0.03611754380872531
83.60450563204006,10.861251855574103,1.1174863429774442,1.1644165911849427,-0.1993920238563297,0.03645091601389281
83.85481852315395,10.811443011542165,1.1266525402374177,1.1656286333028572,-0.19857831618674215,0.036787551754815004
84.10513141426785,10.761839620952435,1.135903408358144,1.166849370017409,-0.19775042489691882,0.037127454483634144
84.35544430538174,10.712445256799157,1.145239765180289,1.1680787738141545,-0.1969081722257802,0.0374706271019914
84.60575719649562,10.663263535742574,1.154662431342845,1.169316813375603,-0.19605137968333627,0.037817071338415956
84.85607008760951,10.614298118602997,1.164172229426641,1.1705634530914575,-0.19517986827037082,0.03816678756748741
85.1063829787234,10.565552711696036,1.1737699770702923,1.1718186495292122,-0.19429346022913752,0.038519773490688775
85.3566958698373,10.51703106690202,1.1834564866122064,1.173082351250608,-0.19339197913440292,0.038876024067805603
85.60700876095119,10.468736979581289,1.193232575838867,1.1743545043222063,-0.19247524716002803,0.039235533576553176
85.85732165206508,10.420674289591357,1.2030990627405505,1.1756350496266812,-0.19154308641265275,0.039598294607646876
86.10763454317897,10.372846881182403,1.2130567644907766,1.1769239223905974,-0.19059531918781303,0.03996429788644331
86.35794743429287,10.325258681592196,1.2231064841843158,1.1782210460558327,-0.18963177129764047,0.04033352995784172
86.60826032540676,10.27791366263233,1.2332490258090811,1.179526339198328,-0.18865226831411447,0.040705975799873624
86.85857321652065,10.230815840680348,1.2434851941718539,1.1808397154937627,-0.1876566355876998,0.04108161881073667
87.10888610763455,10.183969276384369,1.253815792110197,1.1821610824291362,-0.18664469894693286,0.041460440322088565
87.35919899874844,10.137378072573783,1.2642416145000133,1.1834903388061428,-0.18561628617494833,0.04184241864707891
87.60951188986233,10.091046370811865,1.2747634383677908,1.184827370621645,-0.1845712294458038,0.04222752750956528
87.85982478097623,10.044978359018021,1.2853820447525757,1.1861720601760077,-0.18350935993773004,0.042615739517139414
88.11013767209012,9.999178268668572,1.29609821067733,1.187524282728132,-0.18243050981137332,0.04300702488568495
88.36045056320401,9.953650374498991,1.306912708398908,1.1888839061901253,-0.18133451239340154,0.043401351322762495
88.6107634543179,9.908398986532722,1.3178262909713814,1.1902507856918303,-0.18022120563659985,0.043798681939488056
88.8610763454318,9.863428454302861,1.328839699891959,1.191624766459547,-0.17909043028734237,0.04419897635643945
89.11138923654569,9.818743171502463,1.3399536735232125,1.193005686987038,-0.17794202786700355,0.04460219192184752
89.36170212765958,9.774347572486539,1.3511689410311838,1.1943933768018271,-0.1767758421223832,0.04500828285215441
89.61201501877348,9.730246123948694,1.3624862109419453,1.195787652802574,-0.17559172173581683,0.045417198807290546
89.86232790988737,9.686443333206249,1.3739061825324572,1.1971883229048697,-0.17438951762751798,0.04582888630885111
90.11264080100126,9.64294374853396,1.3854295462893982,1.1985951861880912,-0.17316908284691512,0.046243288797220956
90.36295369211514,9.599751954911687,1.397056978642875,1.2000080312705186,-0.17193027378624906,0.04666034599921354
90.61326658322903,9.556872562026804,1.4087891280409959,1.2014266321210276,-0.1706729533296496,0.047079992297541104
90.86357947434293,9.514310220924262,1.4206266342753557,1.2028507538715563,-0.1693969864828968,0.047502158993638084
91.11389236545682,9.472069620234324,1.432570124102641,1.2042801515002273,-0.16810224136354582,0.04792677379499392
91.36420525657071,9.430155478334575,1.4446202030663378,1.205714567648694,-0.1667885910174933,0.04835375995923727
91.6145181476846,9.388572534031196,1.4567774459565537,1.2071537301374347,-0.16545591553076466,0.048783035318224505
91.8648310387985,9.34732556647855,1.469042417202981,1.2085973572770283,-0.16410409751538507,0.049214514364135625
92.11514392991239,9.30641939529847,1.4814156703297803,1.2100451574700357,-0.16273302229009667,0.04964810809703287
92.36545682102629,9.26585883146722,1.4938977021272977,1.2114968189842388,-0.1613425876240983,0.05008371998192526
92.61576971214018,9.22564874388956,1.506489014730911,1.212952023787817,-0.15993269054241796,0.05052125141853626
92.86608260325407,9.185794017043714,1.5191900761259045,1.2144104387472818,-0.15850323572045458,0.05096059826138797
93.11639549436796,9.146299565228725,1.532001333499573,1.2158717186292691,-0.15705413264037774,0.05140165200606502
93.36670838548186,9.10717031101083,1.5449231951965214,1.2173355028811628,-0.1555852992523686,0.051844298501011965
93.61702127659575,9.068411198497513,1.557956041643542,1.2188014174983495,-0.15409665977574732,0.05228841869666256
93.86733416770964,9.030027196994878,1.5711002282753515,1.2202690754869414,-0.15258814411820723,0.052733888832016636
94.11764705882354,8.992023293460269,1.5843560791402458,1.221738075690032,-0.15105968918036258,0.05318057996576744
94.36795994993743,8.954404489526873,1.597723885045315,1.223208002734515,-0.14951123917804574,0.053628357947930694
94.61827284105132,8.91717579417265,1.611203901507868,1.2246784284499002,-0.14794274570600977,0.05407708394233494
94.86858573216522,8.880342228113408,1.6247963472284814,1.2261489093249782,-0.14635416849768734,0.054526613466364816
95.11889862327911,8.843908820196829,1.6385014022081592,1.2276189866677467,-0.14474547571005072,0.05497679644233952
95.369211514393,8.807880604555757,1.6523192058992744,1.2290881865087402,-0.14311664425354917,0.05542747715286666
95.6195244055069,8.772262622138516,1.666249860624198,1.2305560214670792,-0.1414676588612633,0.05587849495741142
95.86983729662079,8.737059923035748,1.6802934360938462,1.2320219930695537,-0.13979851088626905,0.056329685184008126
96.12015018773468,8.702277554546534,1.6944499542346108,1.2334855859591336,-0.13810920196482238,0.05678087688542622
96.37046307884856,8.667920563173993,1.708719393249483,1.2349462700256488,-0.13639974292675297,0.057231893658045284
96.62077596996245,8.633993992806369,1.7231016864772426,1.23640350041311,-0.1346701539868686,0.05768255363961636
96.87108886107634,8.60050287774702,1.7375967215403147,1.2378567198263843,-0.1329204643663804,0.05813267037058898
97.12140175219024,8.567452242900798,1.752204338805219,1.2393053574410935,-0.13115071279624727,0.05858205237846459
97.37171464330413,8.534847104822406,1.7669243297602186,1.2407488274043672,-0.12936094812674837,0.05903050260833759
97.62202753441802,8.502692467573693,1.7817564358916012,1.242186529799545,-0.12755122929733026,0.059477818779724946
97.87234042553192,8.470993319922114,1.7967003474372172,1.2436178510056353,-0.12572162548989674,0.05992379351384593
98.12265331664581,8.439754626730439,1.8117557027531828,1.245042167098319,-0.12387221573099173,0.060368215586033426
98.3729662077597,8.408981333396454,1.8269220863030442,1.246458840417811,-0.12200308973209986,0.060810868650421804
98.6232790988736,8.378678362969245,1.8421990274199933,1.2478672199713488,-0.12011434803513973,0.061251531383143515
98.87359198998749,8.34885061270013,1.857585999128757,1.2492666421317107,-0.11820610210431809,0.06168997773503477
99.12390488110138,8.319502950423544,1.873082417626851,1.250656432042337,-0.1162784741883609,0.06212597744696257
99.37421777221527,8.290640209245815,1.8886876428534578,1.2520359067836746,-0.11433159671964721,0.06255929721841724
99.62453066332917,8.262267189715637,1.9044009742493768,1.2534043707522668,-0.11236561376092724,0.06298969898769309
99.87484355444306,8.234388655689337,1.9202216505697038,1.254761117602562,-0.11038068072643606,0.06341694064628191
100.12515644555695,8.20700933158685,1.9361488488026155,1.2561054307412076,-0.10837696448361803,0.06384077621636051
100.37546933667085,8.180133897041332,1.9521816858679186,1.2574365867235182,-0.10635464263443974,0.06426095709092475
100.62578222778474,8.153766984192108,1.9683192175626845,1.2587538557179658,-0.10431390362232443,0.06467723219958946
100.87609511889863,8.127913178319636,1.9845604340263332,1.260056498263728,-0.10225494788293121,0.06508934681609344
101.12640801001253,8.102577013439154,2.0009042604560077,1.2613437676200294,-0.10017798742033024,0.06549704341474595
101.37672090112642,8.07776296946734,2.017349556400054,1.2626149105061613,-0.0980832458279218,0.06590006193650531
101.62703379224031,8.053475467744846,2.0338951208664975,1.263869172233938,-0.09597095691261173,0.06629814165162579
101.8773466833542,8.02971886971401,2.050539686272195,1.2651057934107943,-0.0938413659994228,0.06669101995839179
102.12765957446808,8.006497474351749,2.067281916794609,1.2663240099684687,-0.09169473017860963,0.06707843239063928
102.37797246558198,7.983815514959466,2.0841204089978373,1.2675230549095746,-0.0895313180065046,0.0674601132496978
102.62828535669587,7.9616771563471875,2.101053692827054,1.2687021599885668,-0.08735140919043011,0.06783579620840018
102.87859824780976,7.940086492028143,2.118080238359406,1.2698605606106625,-0.0851552931294006,0.06820521607133195
103.12891113892366,7.919047541381677,2.135198445125754,1.2709974909875548,-0.08294327091921899,0.06856810703426103
103.37922403003755,7.89856424683947,2.152406644256967,1.2721121864622782,-0.08071565480843582,0.06892420351950697
103.62953692115144,7.878640471068322,2.1697030987386805,1.2732038847766785,-0.07847276803028813,0.06927324063137744
103.87984981226533,7.859279995167109,2.187086008185571,1.2742718290429647,-0.07621494390022449,0.06961495521337543
104.13016270337923,7.84048651661495,2.2045535123429647,1.2753152702053348,-0.07394252512622931,0.06994908672476219
104.38047559449312,7.822263644399064,2.222103680162026,1.2763334637211956,-0.07165586553137403,0.0702753760693973
104.63078848560701,7.804614897174722,2.239734514384701,1.277325672456857,-0.06935532918299918,0.0705935666260721
104.8811013767209,7.787543700608874,2.2574439518074336,1.278291167823804,-0.06704129024954919,0.07090340465519346
105.1314142678348,7.771053388178189,2.275229873652734,1.2792292335114204,-0.06471413143245192,0.07120464060605067
105.38172715894869,7.755147196397035,2.293090099591042,1.2801391650026477,-0.06237424470604385,0.07149702896103195
105.63204005006259,7.739828260692691,2.3110223836623995,1.2810202695796633,-0.060022031789304216,0.07178032824984486
105.88235294117648,7.725099613973396,2.3290244181023683,1.2818718683682888,-0.05765790350176755,0.07205430177104659
106.13266583229037,7.710964184813714,2.34709383545056,1.2826932977055876,-0.05528227939780271,0.07231871807526842
106.38297872340426,7.697424800581416,2.365228221311558,1.2834839117386465,-0.05289558613009393,0.07257335185291564
106.63329161451816,7.684484178479504,2.3834251010646135,1.2842430820124033,-0.050498258920955094,0.07281798383269175
106.88360450563205,7.672144924146256,2.4016819428660883,1.2849701989405604,-0.04809074108996757,0.07305240129876503
107.13391739674594,7.6604095300701465,2.4199961602528557,1.2856646732303787,-0.04567348362922316,0.07327639859278325
107.38423028785984,7.649280375763334,2.4383651174215863,1.2863259369632944,-0.0432469445372211,0.07348977748448488
107.63454317897373,7.638759730173643,2.456786138340642,1.2869534445365964,-0.04081158776489946,0.07369234748033904
107.88485607008761,7.628849741685217,2.475256494612209,1.2875466743754536,-0.03836788431217492,0.07388392647578275
108.1351689612015,7.619552438898634,2.4937734117902335,1.2881051299758792,-0.03591631145672714,0.07406434110903783
108.3854818523154,7.610869729575967,2.512334072238306,1.2886283408447998,-0.03345735235292953,0.07423342709040033
108.63579474342929,7.602803404291141,2.5309356239581002,1.2891158617270555,-0.030991495157538886,0.07439102890750923
108.88610763454318,7.5953551286250764,2.5495751746911344,1.2895672758726384,-0.028519233338861586,0.07453700100454559
109.13642052565707,7.588526442261662,2.5682497948921466,1.289982195870018,-0.026041065272972532,0.07467120807350922
109.38673341677097,7.582318758122926,2.5869565207259564,1.290360264450725,-0.023557493838862367,0.07479352533537516
109.63704630788486,7.576733367233295,2.6056923631522144,1.290701152565093,-0.021069025563081614,0.07490383784307098
109.88735919899875,7.571771433658358,2.6244543062251715,1.291004562053761,-0.018576170571199774,0.07500204143423894
110.13767209011264,7.567433990435608,2.643239306471317,1.2912702278598676,-0.016079442458629887,0.0750880435191148
110.38798498122654,7.563721940210923,2.662044297380258,1.2914979180623607,-0.01357935777893623,0.07516176308623253
110.63829787234043,7.5606360578405685,2.6808661948776664,1.291687432366092,-0.011076435490950469,0.07522313016516209
110.88861076345432,7.5581769920395745,2.6997019020431745,1.2918386011877534,-0.00857119645450744,0.07527208550045783
111.13892365456822,7.556345256860175,2.7185483057759043,1.29195129109623,-0.006064163444686254,0.07530858247808232
111.38923654568211,7.555141233896576,2.737402281952897,1.2920254035508953,-0.0035558606191792774,0.07533258667612457
111.639549436796,7.554565173155018,2.7562606990384704,1.292060874310382,-0.0010468130905846272,0.07534407565600475
111.8898623279099,7.5546171992499165,2.7751204244058987,1.2920576690138252,0.001462453660130059,0.0753430374055387
112.14017521902379,7.555297301586978,2.7939783224710553,1.2920157902586455,0.0039714138901420365,0.07532947283150446
112.39048811013768,7.556605336176572,2.812831258773027,1.2919352763283944,0.006479542049927608,0.07530339531105497
112.64080100125157,7.558541026125941,2.8316761032441518,1.2918162008444234,0.00898631319051161,0.07526483056894621
112.89111389236547,7.5611039690476245,2.850509734821333,1.2916586670503438,0.011491203443090039,0.07521381467091987
113.14142678347936,7.564293630318033,2.869329042981993,1.2914628130166128,0.013993690330221013,0.07515039585089192
113.39173967459325,7.568109342075013,2.888130930527352,1.2912288124160611,0.016493253145328998,0.07507463478320082
113.64205256570713,7.572550304685334,2.9069123169013853,1.2909568733932109,0.0189893733615476,0.0749866041856291
113.89236545682103,7.5776155924227755,2.9256701407238155,1.2906472341061985,0.02148153499751887,0.07488638725519407
114.14267834793492,7.583304153295965,2.944401362775167,1.290300162862514,0.02396922500794858,0.07477407771576905
114.39299123904881,7.589614803459395,2.9631029694004187,1.2899159625082282,0.026451933697085168,0.07464978135812315
114.6433041301627,7.59654623043439,2.981771975231865,1.2894949678993264,0.028929155094916528,0.0745136151526839
114.8936170212766,7.6040969961767315,3.0004054251152534,1.2890375435917025,0.03140038728776691,0.07436570643760572
115.14392991239049,7.612265543214652,3.0190003948955826,1.2885440792299265,0.03386513268424539,0.07420619129782803
115.39424280350438,7.621050185968509,3.0375539977064756,1.288014996042283,0.03632289859320237,0.074035216848612
115.64455569461828,7.6304491146246685,3.056063385596877,1.2874507439264828,0.03877319753735013,0.07385294021117007
115.89486858573217,7.640460397037256,3.074525751626497,1.286851800086004,0.041215547590604744,0.07365952803238415
116.14518147684606,7.651081987136507,3.0929383276029907,1.2862186633238497,0.043649472447341395,0.07345515447017273
116.39549436795996,7.6623117179795655,3.1112983919350037,1.285551858633169,0.04607450211287294,0.07324000281625616
116.64580725907385,7.674147303715909,3.129603271613235,1.2848519358108355,0.048490173233325405,0.07301426500751376
116.89612015018774,7.6865863418289475,3.1478503439801866,1.284119467898389,0.050896029411803406,0.07277814107617714
117.14643304130163,7.699626320662904,3.166037033263882,1.2833550468266508,0.05329162115926176,0.07253183760155682
117.39674593241553,7.713264617598005,3.1841608158801815,1.28255928421933,0.055676506448901215,0.07227556800004105
117.64705882352942,7.727498497477881,3.2022192254986215,1.2817328120575016,0.05805025125428785,0.07200955276552064
117.89737171464331,7.74232511615027,3.220209853313759,1.2808762805232454,0.06041242975747753,0.07173401870468092
118.1476846057572,7.757741525311404,3.238130346172641,1.2799903556394854,0.06276262436897369,0.07144919809209095
118.3979974968711,7.773744677035066,3.2559784050850635,1.2790757170350453,0.06510042577787108,0.07115532787062946
118.64831038798499,7.790331418584713,3.2737517955298134,1.2781330595685465,0.06742543393221159,0.07085265024900032
118.89862327909889,7.80749849709848,3.29144834577562,1.2771630910315386,0.06973725807419946,0.07054141187973743
119.14893617021278,7.82524256272223,3.3090659467311907,1.2761665307016758,0.07203551687278414,0.07022186334099016
119.39924906132667,7.843560175942083,3.326602545466091,1.275144107038912,0.07431983797661504,0.06989425829423915
119.64956195244055,7.86244780280303,3.3440561569461336,1.2740965578818888,0.07658985923284306,0.06955885358653327
119.89987484355444,7.88190181870337,3.3614248628741428,1.2730246288743554,0.07884522872661673,0.06921590868407011
120.15018773466834,7.90191851126023,3.378706811844655,1.2719290721415482,0.0810856049339109,0.06886568519853073
120.40050062578223,7.922494087298167,3.395900211750157,1.2708106452052812,0.08331065603779436,0.06850844647227369
120.65081351689612,7.9436246714034136,3.413003337721401,1.269670109633385,0.08552006090091854,0.06814445712084388
120.90112640801001,7.965306307596925,3.430014534323611,1.2685082297873767,0.08771350942557819,0.06777398259126524
121.15143929912391,7.9875349627686285,3.446932214508918,1.267325771625659,0.08989070256791754,0.06739728872926674
121.4017521902378,8.010306531726847,3.463754854365429,1.266123502405557,0.09205135179582367,0.06701464165415297
121.6520650813517,8.033616839845337,3.4804809934135084,1.2649021895348997,0.09419517923707846,0.06662630734789003
121.90237797246559,8.057461642675946,3.4971092419084293,1.263662598349441,0.0963219186993368,0.06623255088323246
122.15269086357948,8.081836629998216,3.513638277898113,1.2624054914609484,0.09843131541529575,0.0658336361796543
122.40300375469337,8.106737429281477,3.530066844936957,1.2611316283461318,0.10052312581458886,0.06542982584945478
122.65331664580727,8.13215961029414,3.5463937461979937,1.2598417659522203,0.10259711677280792,0.06502138139807095
122.90362953692116,8.158098684760363,3.5626178541342486,1.2585366549134471,0.10465306711787926,0.06460856189520192
123.15394242803505,8.184550110112038,3.578738107282477,1.2572170393968727,0.1066907672698351,0.06419162391041788
123.40425531914894,8.21150929248888,3.5947535090211926,1.2558836565153029,0.10871001914376174,0.06377082130020413
123.65456821026284,8.238971590834595,3.6106631196704124,1.2545372385596336,0.11071063492354413,0.06334640599521403
123.90488110137673,8.266932318203848,3.626466064877033,1.2531785084344143,0.11269243858037442,0.0629186263775826
124.15519399249062,8.295386744721448,3.6421615343533014,1.2518081791195312,0.11465526576538135,0.06248772708578372
124.40550688360452,8.32433010058997,3.6577487803323536,1.2504269532499732,0.11659896365457338,0.062053948861356505
124.65581977471841,8.353757579034156,3.6732271147193414,1.2490355235146045,0.11852339050335088,0.06161752869189711
124.9061326658323,8.383664339570048,3.688595900411352,1.2476345761342833,0.12042841405225843,0.06117870105969858
125.1564455569462,8.4140455101415,3.7038545629556094,1.2462247835997418,0.1223139139394166,0.06073769533407794
125.40675844806007,8.444896190146855,3.7190025862231972,1.2448068058505493,0.12417978096398169,0.06029473619449728
125.65707133917397,8.476211453301563,3.734039511028647,1.2433812898984216,0.12602591692994672,0.05985004349512392
125.90738423028786,8.507986349491015,3.7489649313511966,1.241948871442675,0.12785223390189762,0.059403832853893786
126.15769712140175,8.540215906589646,3.763778490451207,1.240510176566158,0.12965865343611613,0.05895631627078941
126.40801001251565,8.572895135614171,3.7784798873525687,1.2390658154747094,0.13144510824916464,0.05850769985778731
126.65832290362954,8.60601903249968,3.793068872825393,1.2376163842957306,0.13321154141754463,0.058058184494395926
126.90863579474343,8.639582580813906,3.8075452482931373,1.2361624646333844,0.13495790626469914,0.05760796566883143
127.15894868585733,8.673580751610407,3.8219088613257277,1.2347046266788464,0.1366841652182843,0.057157234623230975
127.40926157697122,8.708008506704665,3.8361596052799376,1.2332434280298683,0.13839028991155747,0.05670617792528496
127.65957446808511,8.74286080401874,3.850297421445975,1.2317794099174624,0.14007626203659043,0.05625497608894873
127.909887359199,8.778132598706925,3.864322296082387,1.2303130987210524,0.14174207266405256,0.05580380413466281
128.1602002503129,8.813818845579513,3.8782342591414887,1.2288450057904525,0.14338772205950376,0.055352831529082755
128.41051314142678,8.84991449700911,3.8920333806164775,1.227375631195146,0.14501321850709886,0.054902223577401384
128.66082603254068,8.886414509062977,3.9057197712193585,1.2259054603221355,0.14661857894075048,0.05445214017056693
128.91113892365456,8.923313845033984,3.919293581689298,1.2244349627353286,0.14820382900370863,0.05400273536897619
129.16145181476847,8.960607476621496,3.9327550008637155,1.2229645930780462,0.14976900259176099,0.05355415774186044
129.41176470588235,8.998290413348577,3.946104237293017,1.2214947910679819,0.15131413876915048,0.053106550446873395
129.66207759699626,9.036357567137253,3.9593415975062483,1.2200259862216638,0.15283929409182814,0.05266005263422491
129.91239048811013,9.07480400343736,3.972467337888009,1.2185585912985737,0.15434451887622508,0.052214797673326416
130.16270337922404,9.113624733355797,3.98548179109361,1.2170930049191704,0.1558298779625589,0.051770913562948
130.41301627033792,9.152814791073217,3.998385318046219,1.2156296112703713,0.1572954427106695,0.05132852303474727
130.66332916145183,9.19236923243633,4.011178307863112,1.2141687808305492,0.15874129084828767,0.050887743824811114
130.9136420525657,9.232283130537194,4.023861177624008,1.2127108726462124,0.16016750599455407,0.05044868952636731
131.1639549436796,9.272551582294405,4.036434372715943,1.211256230942657,0.16157417836936733,0.050011468320332396
131.4142678347935,9.313169706738526,4.048898366673713,1.2098051860574428,0.16296140458736555,0.04957618332521631
131.6645807259074,9.354132651206882,4.061253654390229,1.2083580564016074,0.16432928616016726,0.04914293336017073
131.91489361702128,9.39543558855912,4.073500755022986,1.206915147683381,0.16567793012534557,0.048711812642013595
132.16520650813519,9.437073712974485,4.085640216381033,1.2054767517364804,0.16700744999578832,0.048282910327924755
132.41551939924906,9.479042246334,4.097672609093398,1.2040431478310778,0.1683179645227584,0.04785631103320956
132.66583229036297,9.521336455269998,4.109598512335929,1.2026146054397095,0.16960959471336282,0.04743209593671268
132.91614518147685,9.563951628159323,4.121418533091643,1.2011913805049317,0.17088246785521047,0.0470103412891614
133.16645807259076,9.606883080346929,4.133133301774905,1.1997737162880853,0.17213671660195165,0.04659111875235294
133.41677096370464,9.650126168189136,4.144743459337405,1.1983618461847667,0.17337247624559457,0.04617449651351427
133.66708385481854,9.693676286335908,4.156249659788711,1.1969559931680605,0.1745898852503892,0.045760539065128905
133.91739674593242,9.737528856249263,4.167652580844553,1.1955563674364098,0.17578908750828226,0.04534930627478888
134.1677096370463,9.78167933420776,4.178952916280246,1.1941631681879166,0.17697023070040827,0.04494085408515533
134.4180225281602,9.826123224497044,4.190151362424515,1.1927765870900902,0.17813346332869726,0.0445352358764492
134.6683354192741,9.87085606317801,4.201248634779677,1.1913968040101044,0.17927893836866743,0.044132500789820985
134.918648310388,9.915873420874911,4.212245465166869,1.1900239877481944,0.18040681264200017,0.04373269401533864
135.16896120150187,9.96117091230299,4.223142590931889,1.18865829914102,0.18151724438461153,0.04333585800345008
135.41927409261578,10.006744196072178,4.233940755171304,1.187299890995617,0.18261039329777995,0.04294203243921998
135.66958698372966,10.05258896436496,4.244640718617827,1.1859489046173153,0.18368642323585,0.042551252887994745
135.91989987484357,10.098700947918388,4.255243253894673,1.1846054714905905,0.18474550090631714,0.04216355145100403
136.17021276595744,10.145075925924218,4.265749132721785,1.1832697173778637,0.18578779288206754,0.041778958358261176
136.42052565707135,10.191709721722019,4.27615913148156,1.1819417605363849,0.18681346690115555,0.04139750127559712
136.67083854818523,10.238598195575321,4.286474040554046,1.180621708727468,0.18782269404687602,0.0410192041423718
136.92115143929914,10.28573724898627,4.296694658677278,1.179309661035262,0.1888156474294474,0.0406440878779383
137.17146433041302,10.333122831972569,4.3068217809546905,1.1780057121928138,0.18979249933394784,0.04027217204839585
137.42177722152692,10.380750937907129,4.316856207359495,1.1767099495143016,0.19075342324281624,0.039903473684635295
137.6720901126408,10.428617600708979,4.326798747364077,1.175422451225078,0.1916985949368127,0.03953800663893517
137.9224030037547,10.476718897311112,4.336650215716923,1.174143288005782,0.19262819148705737,0.039175782179322126
138.1727158948686,10.52505095269624,4.3464114212604334,1.1728725274090075,0.1935423885285852,0.03881681068092591
138.4230287859825,10.573609935271715,4.356083177201171,1.171610229802827,0.1944413627644414,0.03846110007255946
138.67334167709637,10.622392056160754,4.365666302683682,1.1703564477491724,0.19532529234941293,0.038108655598670355
138.92365456821028,10.671393570586059,4.3751616193532845,1.1691112273962612,0.1961943560477875,0.037759480351453684
139.17396745932416,10.72061078056706,4.384569941633943,1.1678746126747857,0.19704873082016006,0.03741357686636965
139.42428035043807,10.770040031954297,4.393892087417744,1.1666466406842062,0.19788859447673796,0.03707094536787263
139.67459324155195,10.819677714567828,4.403128877565891,1.1654273419081236,0.1987141255534812,0.03673158385130277
139.92490613266582,10.869520262690605,4.412281132794416,1.1642167416240492,0.19952550253589718,0.03639548861628725
140.17521902377973,10.919564155353223,4.421349664889696,1.1630148640758142,0.2003229016600872,0.03606265583791232
140.4255319148936,10.96980591593009,4.43033528916543,1.1618217265568171,0.2011065000310074,0.035733079338697606
140.67584480600752,11.020242112220703,4.439238821956361,1.1606373406004424,0.20187647499509187,0.03540675103686255
140.9261576971214,11.070869356487487,4.448061079449922,1.1594617125349995,0.20263300384778715,0.0350836611552956
141.1764705882353,11.121684304476178,4.4568028711566505,1.1582948467851608,0.20337626215559623,0.03476379945832029
141.42678347934918,11.172683655109093,4.4654649978660945,1.1571367469054792,0.20410642323079334,0.03444715563886534
141.6770963704631,11.223864152363008,4.474048264162815,1.1559874092521483,0.20482366134775185,0.034133716947815966
141.92740926157697,11.27522258440755,4.4825534726840415,1.154846825886397,0.20552815026729404,0.0338234692816667
142.17772215269088,11.326755783280285,4.490981423555764,1.153714984897243,0.20622006309322932,0.033516397301631334
142.42803504380475,11.378460619798293,4.499332906158213,1.1525918751681565,0.20689957017954394,0.033212486190479805
142.67834793491866,11.430334008987613,4.507608707912252,1.1514774812909325,0.20756684136347206,0.0329117197779576
142.92866082603254,11.482372910397322,4.515809614787729,1.1503717832714275,0.2082220460946927,0.03261408043232941
143.17897371714645,11.534574326925549,4.523936409403534,1.149274757629369,0.2088653529524567,0.032319549465733406
143.42928660826033,11.586935302265855,4.531989868741144,1.1481863788771227,0.2094969290572892,0.03202810767235353
143.67959949937423,11.639452916120124,4.539970759858219,1.1471066222919337,0.21011693896810987,0.03173973633732976
143.9299123904881,11.692124294204293,4.547879848847732,1.1460354581215915,0.21072554698739113,0.031454415128007986
144.18022528160202,11.744946604693066,4.555717897654545,1.1449728536433137,0.21132291634207367,0.031172122843235645
144.4305381727159,11.797917057832358,4.563485663757225,1.14391877337417,0.21190920910172356,0.030892837489741098
144.6808510638298,11.851032898329311,4.571183895878362,1.142873182251847,0.2124845850770897,0.030616537422102096
144.93116395494368,11.904291410314404,4.578813336781673,1.1418360435606174,0.21304920253830412,0.03034320059942433
145.1814768460576,11.95768992175479,4.586374725759731,1.1408073170867097,0.21360321885364478,0.03007280392423689
145.43178973717147,12.011225801355325,4.593868796887128,1.1397869604135706,0.21414679004100928,0.029805323706706428
145.68210262828535,12.064896456612788,4.601296278345093,1.1387749295191065,0.2146800705975018,0.029540735874594572
145.93241551939926,12.118699324257873,4.6086578891038865,1.1377711817093845,0.2152032126623509,0.02927901700458369
146.18272841051314,12.172631884771414,4.615954343961415,1.13677567116306,0.21571636728823212,0.029020142755945638
146.43304130162704,12.226691658964079,4.623186352356021,1.1357883499812123,0.21621968414171544,0.02876408823960544
146.68335419274092,12.280876206794488,4.630354617956269,1.134809168550088,0.21671331139976202,0.028510828145661905
146.93366708385483,12.335183122689644,4.637459837609066,1.1338380766811929,0.21719739548901595,0.028260337136484
147.1839799749687,12.389610028312985,4.644502699714094,1.1328750253731865,0.2176720806829046,0.028012590454202797
147.43429286608261,12.44415458934854,4.651483887996508,1.1319199627227952,0.21813751003670587,0.027767562510817058
147.6846057571965,12.4988145091786,4.658404080085824,1.1309728354651003,0.21859382503532385,0.027525227419276783
147.9349186483104,12.55358752846196,4.665263947421111,1.1300335890763016,0.21904116556979053,0.027285559028914424
148.18523153942428,12.608471416754595,4.672064154237141,1.1291021693611782,0.21947966970895785,0.027048531457616418
148.4355444305382,12.663463972745271,4.678805357592899,1.1281785224084584,0.21990947370591696,0.02681411907686106
148.68585732165207,12.718563036748625,4.6854882088831715,1.1272625922239894,0.22033071233839308,0.026582295718277305
148.93617021276597,12.773766484418791,4.69211335307793,1.1263543219217056,0.22074351873746217,0.026353035072897026
149.18648310387985,12.829072226487359,4.6986814287077285,1.125453653764005,0.2211480243849641,0.0261263107043101
149.43679599499376,12.884478196703764,4.705193067220013,1.1245605310049887,0.22154435900201866,0.025902096648415376
149.68710888610764,12.939982361558071,4.711648893498085,1.1236748964043906,0.22193265063890708,0.02568036692988458
149.93742177722154,12.99558272515956,4.718049526121489,1.1227966914819247,0.2223130257201713,0.025461095319543502
150.18773466833542,13.051277324957624,4.724395577137625,1.1219258571713118,0.22268560900505652,0.025244255547177543
150.43804755944933,13.107064230469266,4.730687652061135,1.1210623339785164,0.22305052359403765,0.025029821351166225
150.6883604505632,13.16294153031018,4.736926349867728,1.1202060635944007,0.2234078909953283,0.024817766984318628
150.93867334167712,13.218907348212653,4.743112263001814,1.119356986902936,0.22375783104273536,0.02460806658911585
151.188986232791,13.274959841710809,4.749245977375869,1.1185150441446856,0.22410046190240115,0.024400694248989663
151.4392991239049,13.331097199691262,4.755328072369278,1.1176801752213803,0.22443590008536507,0.024195624083858083
151.68961201501878,13.38731763884137,4.761359120980172,1.1168523200529041,0.2247642605079664,0.023992830356945553
151.93992490613266,13.443619392009822,4.767339690323059,1.1160314197471866,0.22508565668979436,0.02379228782484728
152.19023779724657,13.500000729395627,4.773270340722922,1.1152174144704745,0.2254002003933308,0.02359397110025522
152.44055068836045,13.556459952018068,4.7791516259944,1.1144102441036736,0.22570800173500505,0.023397854848353324
152.69086357947435,13.61299539048376,4.784984093494506,1.113609848366275,0.22600916920616332,0.02320391382390033
152.94117647058823,13.669605404560517,4.790768284152961,1.1128161668521068,0.2263038096834287,0.023012122881424728
153.19148936170214,13.726288366029486,4.796504733693374,1.1120291404681202,0.2265920288456661,0.022822457385524148
153.44180225281602,13.783042674416382,4.802193971512947,1.1112487101144657,0.22687393079146395,0.02263489283446195
153.69211514392993,13.839866762703634,4.8078365202757025,1.1104748162052216,0.22714961790024066,0.02244940472349335
153.9424280350438,13.896759091213589,4.813432896348072,1.1097073991816153,0.2274191909809773,0.022265968691221064
154.1927409261577,13.953718147608582,4.818983609798904,1.1089463995120235,0.22768274927221774,0.022084560519595148
154.4430538172716,14.010742439826526,4.8244891651522055,1.1081917581489267,0.22794039068385696,0.02190515625244844
154.6933667083855,14.067830487964667,4.829950062251987,1.1074434170539094,0.22819221207493454,0.021727732331682917
154.94367959949938,14.124980847367786,4.835366793802067,1.1067013177042049,0.22843830846340232,0.021552265209863364
155.19399249061328,14.18219209912182,4.840739846379046,1.105965401707615,0.22867877335149733,0.021378731509729198
155.44430538172716,14.239462849581253,4.84606970048265,1.1052356108330774,0.22891369874191542,0.021207108032123737
155.69461827284107,14.296791728987733,4.851356830715641,1.1045118870805768,0.2291431751933604,0.021037371772094336
155.94493116395495,14.354177375477265,4.856601707866542,1.1037941734905106,0.22936729246362508,0.0208695001052829
156.19524405506886,14.41161845529876,4.8618047962765925,1.103082413120466,0.22958613869658998,0.02070347055228573
156.44555694618273,14.469113661445434,4.866966554017975,1.1023765491144808,0.22979980047725276,0.0205392607946035
156.69586983729664,14.526661710196043,4.87208743334426,1.1016765248780875,0.230008362970811,0.020376848714952697
156.94618272841052,14.584261341114821,4.877167880690397,1.100982284078314,0.23021190992266186,0.020216212397265728
157.19649561952443,14.641911312384408,4.882208337380709,1.1002937708241232,0.23041052387170738,0.020057330160828984
157.4468085106383,14.699610377309396,4.887209243193181,1.0996109305748292,0.23060428722422632,0.019900180732149775
157.69712140175218,14.757357343706259,4.892171027350283,1.0989337078439703,0.23079327953953763,0.019744742810542885
157.9474342928661,14.815151028075679,4.897094115470827,1.0982620479710938,0.23097757962449347,0.019590995403341676
158.19774718397997,14.872990269188383,4.901978927509041,1.097595896596502,0.23115726491255498,0.01943891772652298
158.44806007509388,14.930873924894833,4.906825878297079,1.0969351997501675,0.23133241162396545,0.019288489215785954
158.69837296620776,14.988800858970713,4.911635379803968,1.096279904205361,0.23150309543159636,0.01913968956760525
158.94868585732166,15.046769962660019,4.916407837417465,1.095629956910495,0.23166939036591275,0.018992498675906817
159.19899874843554,15.104780147896046,4.921143651104743,1.0949853051733787,0.23183136915726582,0.018846896653942277
159.44931163954945,15.16283034499585,4.925843215802488,1.094345896726629,0.23198910335116463,0.018702863842706214
159.69962453066333,15.220919502164369,4.930506921495227,1.0937116797450068,0.23214266333170283,0.018560380813909618
159.94993742177724,15.279046584998632,4.93513515329367,1.0930826028627485,0.23229211834498584,0.018419428372953073
160.20025031289111,15.337210575991891,4.939728291513042,1.0924586151909026,0.2324375365225577,0.01827998756190019
160.45056320400502,15.395410474492405,4.94428671190304,1.0918396661872554,0.23257898493705123,0.01814203961329956
160.7008760951189,15.45364529697395,4.94881078598177,1.0912257054251466,0.2327165296799406,0.018005565870293
160.9511889862328,15.511914074659929,4.953300880487029,1.0906166832204738,0.23285023575169583,0.017870547992875102
161.2015018773467,15.5702158538036,4.957757357713479,1.090012550397356,0.23298016714022401,0.017736967876950675
161.4518147684606,15.628549695268767,4.962180575616499,1.0894132582806695,0.23310638684971752,0.017604807649039204
161.70212765957447,15.686914674047284,4.966570887894983,1.0888187587090423,0.23322895692502973,0.017474049667800792
161.95244055068838,15.74530987877666,4.970928644074142,1.0882290040478457,0.2333479384760511,0.017344676525561865
162.20275344180226,15.80373441125757,4.975254189588304,1.0876439472021884,0.233463391702085,0.017216671049841124
162.45306633291617,15.862187396835916,4.979547864460152,1.087063541087475,0.23357537547515944,0.01709001618299754
162.70337922403004,15.920667986347402,4.983810003069977,1.0864877385212222,0.23368394726587136,0.016964694956529434
162.95369211514395,15.979175333067264,4.988040937153993,1.0859164933628067,0.2337891640839505,0.01684069074576704
163.20400500625783,16.03770860409006,4.992240994354661,1.085349759934207,0.23389108202106199,0.016717987138327065
163.4543178973717,16.09626698019299,4.996410498258832,1.0847874930157337,0.23398975626114782,0.016596567931760262
163.70463078848562,16.154849655553868,5.000549768454655,1.0842296478490168,0.23408524109666493,0.01647641713282864
163.9549436795995,16.213455837469127,5.0046591205884745,1.0836761801399892,0.2341775899448232,0.016357518956782606
164.2052565707134,16.272084746082285,5.008738866420549,1.0831270460611448,0.23426685536338657,0.016239857826459935
164.45556946182728,16.33073561730386,5.0127893135145705,1.0825822020309108,0.23435308893252152,0.016123418316832987
164.7058823529412,16.389407700499422,5.016810765527487,1.0820416048583976,0.2344363413562357,0.016008185188983576
164.95619524405507,16.448100255710493,5.020803522552911,1.0815052119207753,0.2345166625834226,0.015894143432062576
165.20650813516897,16.506812555249756,5.024767880962647,1.0809729810351618,0.23459410174531237,0.015781278230480904
165.45682102628285,16.565543883459775,5.028704133458914,1.080444870458763,0.23466870716999946,0.015669574962490135
165.70713391739676,16.624293536471807,5.03261256912659,1.07992083888901,0.23474052639697024,0.015559019198762916
165.95744680851064,16.68306082196452,5.036493473485422,1.079400845463699,0.23480960619163058,0.015449596700973605
166.20775969962455,16.741845059028154,5.040347128531488,1.0788848497553345,0.23487599255590033,0.015341293419094081
166.45807259073842,16.80064558064336,5.044173812511068,1.0783728116216278,0.23493973064118795,0.015234095456805409
166.70838548185233,16.85946173047845,5.047973800275929,1.077864691368558,0.23500086487348457,0.015127989106191194
166.9586983729662,16.918292862271134,5.051747363374137,1.0773604497712497,0.23505943898196693,0.015022960850915389
167.20901126408012,16.97713834050827,5.055494770008047,1.076860048023449,0.2351154959791416,0.014918997353572539
167.459324155194,17.035997540213774,5.059216285083536,1.0763634477360557,0.23516907817428317,0.014816085453912555
167.7096370463079,17.094869846736618,5.062912170259254,1.0758706109356582,0.23522022718687213,0.014714212167065291
167.95994993742178,17.153754655538723,5.066582683995862,1.0753815000630644,0.23526898396003326,0.014613364681765328
168.2102628285357,17.212651372242604,5.070228081566431,1.0748960779609085,0.23531538876055716,0.014513530356825071
168.46057571964957,17.271559414601537,5.073848614779182,1.0744143077803223,0.23535948107957907,0.014414696704639044
168.71088861076348,17.33047820915451,5.0774445324954804,1.0739361531113512,0.2354012998079032,0.014316851410542364
168.96120150187735,17.389407191579018,5.08101608059456,1.0734615779577095,0.23544088322025342,0.014219982327225135
169.21151439299123,17.44834580693624,5.084563501954367,1.0729905467160679,0.2354782689650871,0.01412407746987296
169.46182728410514,17.507293509482363,5.088087036497299,1.0725230241736035,0.23551349407682498,0.014029125014233925
169.71214017521902,17.56624976247989,5.091586921235949,1.0720589755055485,0.23554659498808092,0.013935113294685556
169.96245306633293,17.62521403800902,5.095063390318856,1.0715983662727386,0.2355776075418917,0.013842030802301683
170.2127659574468,17.684185817323698,5.098516674985142,1.0711411624056977,0.23560656697393717,0.013749866182258883
170.4630788485607,17.74316459249717,5.101947003303557,1.070687330156849,0.23563350782373566,0.013658608229679282
170.7133917396746,17.802149862795826,5.105354600793024,1.0702368361830308,0.2356584641362243,0.013568245891865697
170.9637046307885,17.861141135644242,5.108739690275469,1.06978964751453,0.23568146941044044,0.013478768264969599
171.21401752190238,17.920137926679764,5.112102491880879,1.0693457315466168,0.23570255659834854,0.013390164591763107
171.46433041301628,17.979139759587508,5.115443223089103,1.0689050560365099,0.23572175811576893,0.013302424259677205
171.71464330413016,18.038146165935267,5.118762098771636,1.0684675891003415,0.23573910585330626,0.013215536798840117
171.96495619524407,18.097156685008514,5.1220593312334195,1.0680332992101236,0.23575463118727827,0.013129491880115517
172.21526908635795,18.15617086444308,5.125335130103912,1.0676021551792192,0.23576836494281328,0.013044279315114832
172.46558197747186,18.215188260959764,5.128589702208927,1.067174126146351,0.2357803373508456,0.012959889056461206
172.71589486858574,18.27420843750934,5.131823252120611,1.0667491816113128,0.23579057822031205,0.01287631118917256
172.96620775969964,18.33323096430889,5.135035981972286,1.0663272914146305,0.23579911687705862,0.012793535931672054
173.21652065081352,18.392255418758424,5.138228091484797,1.0659084257333502,0.23580598216986795,0.012711553634028728
173.46683354192743,18.45128138529592,5.141399778004522,1.0654925550777141,0.2358112024801868,0.012630354776045283
173.7171464330413,18.510308455252275,5.144551236541383,1.0650796502878386,0.23581480573185398,0.012549929965346011
173.96745932415521,18.569336226706312,5.147682659806853,1.0646696825303885,0.2358168194008278,0.01247026993546457
174.2177722152691,18.628364305784224,5.1507942379575775,1.0642626232877674,0.2358172704340532,0.012391365551859032
174.468085106383,18.687392304847936,5.153886158973055,1.0638584443634334,0.23581618536402515,0.012313207800853303
174.71839799749688,18.746419843344846,5.156958608490899,1.0634571178734182,0.23581359025594176,0.012235787793184346
174.96871088861076,18.805446546410778,5.160011770100025,1.063058616249497,0.23580951079618842,0.012159096755218878
175.21902377972467,18.86447204549529,5.163045825221668,1.0626629122318694,0.23580397225361063,0.012083126031268708
175.46933667083854,18.92349597822454,5.166060953145773,1.0622699788657959,0.23579699948874489,0.012007867081721935
175.71964956195245,18.982517988266476,5.169057331066938,1.0618797894982217,0.23578861696290562,0.01193331148118665
175.96996245306633,19.04153772522048,5.172035134115004,1.061492317774465,0.235778848745671,0.01185945091683077
176.22027534418024,19.10055484649696,5.1749945349488105,1.0611075376417027,0.2357677183917565,0.011786277203159608
176.47058823529412,19.159569015231696,5.177935704220526,1.060725423338851,0.23575524907817216,0.01171378226401954
176.72090112640802,19.218579899211477,5.180858810817998,1.0603459493898917,0.23574146367500692,0.011641958122951995
176.9712140175219,19.277587171816393,5.183764021664384,1.0599690906040886,0.23572638468384186,0.01157079691020692
177.2215269086358,19.336590511914515,5.186651501747833,1.0595948220725928,0.2357100342449407,0.011500290861091774
177.4718397997497,19.395589603759348,5.189521414150574,1.0592231191650394,0.2356924341442597,0.011430432314337834
177.7221526908636,19.45458413689018,5.192373920077427,1.0588539575261342,0.23567360582027694,0.011361213710483558
177.97246558197747,19.513573806035232,5.195209178883706,1.0584873130722308,0.23565357037064083,0.011292627590275226
178.22277847309138,19.572558311017744,5.198027348102556,1.0581231619878952,0.23563234855863793,0.011224666593084666
178.47309136420526,19.631537356664765,5.200828583471678,1.0577614807224647,0.2356099608194801,0.011157323455344247
178.72340425531917,19.690510652718963,5.203613038959479,1.0574022459865924,0.23558642726641116,0.011090591008998939
178.97371714643305,19.74947791375313,5.2063808667906315,1.0570454347487852,0.2355617676966324,0.011024462179975674
179.22403003754695,19.80843885926788,5.20913221742742,1.0566910242353464,0.23553600158462445,0.010958929988998225
179.47434292866083,19.86739321622599,5.211867238961511,1.056338991976452,0.23550914790751984,0.010893987583863061
179.72465581977474,19.926340715294153,5.214586078028637,1.055989315732863,0.23548122540424812,0.010829628190399279
179.97496871088862,19.985281091093935,5.217288879753136,1.055641973498586,0.2354522525583328,0.010765845115206113
180.22528160200253,20.044214082922466,5.219975787578946,1.055296943512371,0.23542224754833324,0.010702631754437676
180.4755944931164,20.103139434702758,5.2226469432870894,1.0549542042545421,0.23539122825139688,0.010639981592617085
180.72590738423028,20.16205689493764,5.22530248701243,1.0546137344438324,0.23535921224658504,0.010577888201476173
180.9762202753442,20.220966216667094,5.227942557259657,1.0542755130342203,0.23532621681797278,0.010516345238820939
181.22653316645807,20.279867157429166,5.230567290918542,1.0539395192117675,0.23529225895752273,0.010455346447422674
181.47684605757198,20.33875947922437,5.233176823278437,1.0536057323914616,0.23525735536773285,0.010394885653934713
181.72715894868585,20.397642948483576,5.23577128804202,1.0532741322140595,0.23522152246405825,0.010334956767834951
181.97747183979976,20.456517336039436,5.238350817338302,1.052944698542934,0.23518477637710664,0.010275553780393933
182.22778473091364,20.515382417101293,5.240915541734882,1.0526174114609226,0.23514713295460818,0.010216670763668731
182.47809762202755,20.574237970114737,5.243465590459935,1.0522922512801531,0.23510860783111867,0.010158301865639445
182.72841051314143,20.6330837713334,5.246001092430741,1.0519691986016306,0.23506921675814474,0.010100441290479082
182.97872340425533,20.691919604870016,5.2485221743701205,1.0516482341953781,0.23502897499405678,0.010043083332556131
183.2290362953692,20.750745259600585,5.251028961396003,1.051329339033065,0.23498789749251986,0.009986222364825837
183.47934918648312,20.809560528160507,5.253521577217378,1.051012494296421,0.2349459989638505,0.009929852834494622
183.729662077597,20.86836520689655,5.256000144150321,1.0506976813746107,0.23490329387829978,0.009873969262015503
183.9799749687109,20.927159095820873,5.258464783133575,1.0503848818616273,0.23485979646920369,0.009818566240103742
184.23028785982478,20.985941998566904,5.26091561374365,1.0500740775537056,0.23481552073600034,0.009763638432772954
184.4806007509387,21.044713722347332,5.263352754209487,1.049765250446759,0.23477048044711474,0.00970918057439148
184.73091364205257,21.103474077913912,5.265776321426643,1.0494583827338315,0.23472468914271077,0.00965518746875917
184.98122653316648,21.162222879519394,5.268186430971029,1.0491534568025753,0.23467816013731022,0.009601653988204454
185.23153942428036,21.220959944881287,5.270583197112179,1.0488504552327453,0.23463090652227916,0.009548575072701846
185.48185231539426,21.279685095147713,5.272966732826073,1.0485493607937144,0.23458294116818154,0.009495945729009688
185.73216520650814,21.338398153817227,5.275337150018067,1.0482501564508115,0.23453427679369518,0.00944376102459987
185.98247809762205,21.397098945072166,5.277694559863662,1.0479528253766213,0.23448492607185428,0.009392016078671218
186.23279098873593,21.45578729842766,5.280039071879961,1.0476573509092775,0.2344349013343053,0.009340706084686175
186.4831038798498,21.514463046641076,5.282370794351488,1.0473637165673972,0.2343842147045157,0.009289826299290092
186.73341677096371,21.57312602549278,5.284689834379865,1.047071906049335,0.23433287811186532,0.009239372040578573
186.9837296620776,21.63177607374245,5.286996297898151,1.0467819032309993,0.23428090329455908,0.009189338687251119
187.2340425531915,21.69041303308667,5.289290289684863,1.0464936921636951,0.23422830180245405,0.009139721677781352
187.48435544430538,21.749036748117657,5.291571913377696,1.0462072570719947,0.23417508499980044,0.009090516509604008
187.7346683354193,21.807647066283334,5.293841271486926,1.0459225823516318,0.2341212640678973,0.009041718738318482
187.98498122653316,21.866243837848526,5.296098465408497,1.0456396525674267,0.23406685000766222,0.008993323976909136
188.23529411764707,21.924826915857487,5.298343595436812,1.0453584524512332,0.23401185364211546,0.008945327894982171
188.48560700876095,21.983396156097555,5.300576760777196,1.0450789668999154,0.2339562856187782,0.008897726218019252
188.73591989987486,22.041951417064162,5.302798059558061,1.04480118097335,0.2339001564119852,0.008850514726647697
188.98623279098874,22.10049255936762,5.305007588974153,1.0445250798925747,0.23384347636765654,0.00880368925104196
189.23654568210264,22.159019445702725,5.307205445297592,1.044250649037844,0.23378625570527578,0.008757245670245883
189.48685857321652,22.217531941966023,5.309391723619232,1.0439778739464627,0.23372850443257098,0.008711179921526218
189.73717146433043,22.276029916561438,5.311566518015634,1.0437067403110372,0.23367023239801263,0.008665487993907284
189.9874843554443,22.334513240357282,5.313729921562976,1.0434372339776137,0.23361144929376626,0.008620165927401842
190.23779724655822,22.392981786651745,5.315882026348962,1.043169340943841,0.23355216465801493,0.00857520981232106
190.4881101376721,22.451435431139277,5.318022923484483,1.0429030473571594,0.233492387877214,0.008530615788599151
190.738423028786,22.509874051878064,5.320152703115012,1.042638339513017,0.2334321281882782,0.008486380045132517
190.98873591989988,22.568297529258402,5.322271454431758,1.0423752038531127,0.23337139468070128,0.008442498819133563
191.2390488110138,22.626705745972156,5.324379265682551,1.0421136269636633,0.23331019629860777,0.008398968395498994
191.48936170212767,22.685098586983134,5.326476224182484,1.041853595573702,0.23324854184273716,0.008355785106192816
191.73967459324157,22.743475939498516,5.3285624163242895,1.041595096553398,0.23318643997236044,0.008312945329643804
191.98998748435545,22.80183769293621,5.330637927589336,1.0413381169123825,0.23312389920740845,0.00827044549011778
192.24030037546936,22.860183738005315,5.332702842712703,1.0410826437937661,0.233060927980067,0.008228282050035635
192.49061326658324,22.918513967456974,5.334757245557829,1.0408286644763298,0.23299753459317296,0.008186451515596218
192.74092615769712,22.976828276626588,5.336801219027368,1.0405761663757194,0.23293372719024188,0.008144950440744234
192.99123904881102,23.035126562876286,5.338834845165082,1.0403251370402946,0.2328695137868287,0.008103775422390625
193.2415519399249,23.093408725564977,5.340858205165953,1.0400755641495765,0.232804902272445,0.008062923099839628
193.4918648310388,23.151674666019233,5.342871379386096,1.039827435512717,0.23273990041242257,0.008022390154228306
193.7421777221527,23.209924287504762,5.344874447352443,1.039580739066998,0.23267451584972407,0.007982173307978695
193.9924906132666,23.26815749519878,5.34686748777224,1.039335462876351,0.23260875610670032,0.007942269324262388
194.24280350438048,23.326374196162938,5.348850578542313,1.0390915951299058,0.23254262858679436,0.007902675006477731
194.49311639549438,23.384574299317187,5.350823796758133,1.0388491241405624,0.23247614057619234,0.007863387197739477
194.74342928660826,23.442757715414174,5.352787218722674,1.03860803834359,0.23240929924542103,0.007824402780381033
194.99374217772217,23.50092435701455,5.354740919955048,1.038368326295249,0.2323421116508921,0.0077857186754691715
195.24405506883605,23.559074138438437,5.3566849752065835,1.0381299766707934,0.23227458473859197,0.007747331841896558
195.49436795994995,23.617206975287424,5.358619458611166,1.037892978251119,0.23220672538642592,0.007709239267831617
195.74468085106383,23.675322785028126,5.360544443503808,1.0376573199374926,0.23213854035107678,0.007671437981054292
195.99499374217774,23.7334214869556,5.362460002433079,1.0374229907498849,0.23207003627066652,0.007633925048257756
196.24530663329162,23.791503002020093,5.364366207216233,1.0371899798216984,0.23200121967971787,0.0075966975719197645
196.49561952440553,23.849567252803485,5.366263128947607,1.0369582763984557,0.23193209701067194,0.0075597526898346
196.7459324155194,23.907614163496238,5.368150838006849,1.0367278698365108,0.23186267459536344,0.007523087574655569
196.9962453066333,23.965643659875077,5.370029404066963,1.0364987496017821,0.23179295866645258,0.007486699433447914
197.2465581977472,24.0236556692812,5.371898896102187,1.03627090526851,0.2317229553588143,0.0074505855072522975
197.4968710888611,24.081650120599175,5.373759382395697,1.0360443265180326,0.2316526707108843,0.007414743070658685
197.74718397997498,24.139626944236394,5.375610930547129,1.0358190031375871,0.23158211066596263,0.007379169431390802
197.99749687108888,24.197586072103242,5.377453607479936,1.0355949250191332,0.23151128107347377,0.007343861929901
198.24780976220276,24.255527437593766,5.379287479448557,1.0353720821581964,0.2314401876901842,0.007308817938975685
198.49812265331664,24.313450975469102,5.381112612068964,1.0351504646505836,0.23136883618818038,0.0072740348619770075
198.74843554443055,24.3713566212784,5.38292907046024,1.0349300626789428,0.23129723219496018,0.007239510124600068
198.99874843554443,24.429244312369935,5.38473691900419,1.034710866534278,0.23122538122309752,0.00720524118893611
199.24906132665834,24.487113987580305,5.386536221422446,1.0344928666084194,0.23115328869170754,0.007171225548995502
199.4993742177722,24.54496558710195,5.388327040810701,1.034276053390427,0.23108095993552402,0.00713746072873469
199.74968710888612,24.602799052464768,5.390109439645539,1.034060417465503,0.2310084002060603,0.007103944281683887
200.0,24.660614326518157,5.3918834797911055,1.033845949513929,0.23093561467273344,0.007070673790584066
