tau,r,phi,dt/dtau,dr/dtau,dphi/dtau
0.0,12.0,0.0,1.08,-0.3069601554551291,0.024305555555555556
0.2503128911138924,11.923187071590247,0.006123208835094098,1.0813933402577784,-0.30677399783015863,0.024619733979367567
0.5006257822277848,11.846421688212997,0.012325764006241385,1.0828075258852319,-0.306579854919869,0.024939839961843888
0.7509386733416772,11.76970595217043,0.01860922388346188,1.0842430059386867,-0.3063775049120169,0.02526601878809171
1.0012515644555695,11.693041917271508,0.024975105697968795,1.0857002179754345,-0.3061667310565507,0.025598412331628705
1.2515644555694618,11.616431719454168,0.03142498309835888,1.0871796165755319,-0.30594730825076294,0.025937168198304508
1.5018773466833544,11.539877551220753,0.0379604667206946,1.0886816675627224,-0.3057190056553005,0.026282437891020388
1.7521902377972467,11.463381664719243,0.04458320642614021,1.0902068487303214,-0.30548158638650075,0.026634377057406115
2.002503128911139,11.386946371725278,0.05129489114695367,1.091755649774629,-0.3052348075508794,0.026993145469588163
2.2528160200250316,11.310574046779099,0.05809725119943513,1.093328573020058,-0.3049784199715724,0.02735890727274929
2.5031289111389237,11.234267131911936,0.06499206129761277,1.0949261343201562,-0.3047121676882312,0.027731831298248393
2.753441802252816,11.158028125843057,0.07198113384335761,1.0965488610219711,-0.30443578911659275,0.028112090355068543
3.0037546933667088,11.081859595672768,0.07906632632072469,1.098197294220707,-0.3041490158762291,0.02849986200953385
3.254067584480601,11.005764178608818,0.08624954263825031,1.099871989179195,-0.3038515727528752,0.02889532872224875
3.5043804755944934,10.929744579538646,0.09353273154231496,1.1015735148265875,-0.3035431778712344,0.0292986776782663
3.7546933667083855,10.853803577037318,0.10091789085094899,1.103302455036803,-0.3032235422438101,0.029710101218767104
4.005006257822278,10.777944021334976,0.10840706607856714,1.105059408213428,-0.30289236994829477,0.03012979669620431
4.25531914893617,10.702168840681061,0.11600235505773096,1.106844988675017,-0.30254935767894303,0.03055796693526422
4.505632040050063,10.626481035345341,0.12370590352010281,1.1086598253324416,-0.3021941951485668,0.030994819796887604
4.755944931163955,10.550883682583795,0.13151990869861674,1.110504562768611,-0.3018265647376187,0.0314405685377448
5.006257822277847,10.47537994270053,0.1394466239259218,1.112379862586339,-0.30144614125675206,0.031895432227690736
5.25657071339174,10.399973061041722,0.1474883600465771,1.114286403834178,-0.3010525917868665,0.03235963589491045
5.506883604505632,10.324666367599011,0.15564748495420805,1.1162248828900434,-0.3006455755620582,0.03283341051134765
5.7571964956195245,10.249463280582614,0.16392642632279103,1.1181960142560186,-0.30022474382417325,0.0333169932391452
6.0075093867334175,10.17436730080766,0.17232766848084313,1.1202005294503257,-0.29978974056092056,0.033810626992585836
6.25782227784731,10.099382019626502,0.18085375754633634,1.1222391786546657,-0.29934020174102555,0.03431456102902329
6.508135168961202,10.024511122048336,0.18950730362670415,1.1243127313826173,-0.2988757550833625,0.034829051174229096
6.758448060075094,9.949758387217283,0.1982909815850586,1.1264219766389612,-0.29839602022074524,0.035354359837347
7.008760951188987,9.87512769027701,0.20720753341291398,1.128567723482374,-0.29790060914627586,0.03589075608936093
7.259073842302879,9.800623004444464,0.21625976884056108,1.1307508013293164,-0.29738912555266117,0.036438515861293284
7.509386733416771,9.726248402948869,0.22545056708297573,1.1329720604246776,-0.29686116488482334,0.03699792206525737
7.759699624530664,9.652008061373726,0.2347828792058992,1.1352323723881421,-0.29631631455787616,0.03756926470273533
8.010012515644556,9.577906260270016,0.24425973091335262,1.1375326308120977,-0.29575415428871416,0.03815284096401295
8.260325406758449,9.503947386154522,0.2538842223060331,1.1398737514783064,-0.29517425545362097,0.03874895541178356
8.51063829787234,9.430135933859274,0.26365953035677037,1.1422566729105645,-0.2945761813501112,0.039357920081812825
8.760951188986233,9.356476508372383,0.2735889112462444,1.1446823568831552,-0.29395948755017376,0.03998005455432485
9.011264080100126,9.282973826501713,0.28367570314278207,1.1471517889598082,-0.2933237225263025,0.04061568598142824
9.261576971214017,9.209632719542599,0.29392332601723004,1.1496659788180055,-0.2926684265124281,0.04126514939437883
9.51188986232791,9.136458134911079,0.3043352844121768,1.1522259607758178,-0.2919931321473849,0.04192878772404848
9.762202753441803,9.063455136942219,0.31491517070084907,1.1548327941307601,-0.29129736587680594,0.04260695161866395
10.012515644555695,8.990628909730862,0.3256666658476877,1.1574875637172908,-0.2905806470328262,0.043299999777201455
10.262828535669588,8.917984759189258,0.33659354115136536,1.1601913803850235,-0.28984248781298005,0.04400829908469279
10.51314142678348,8.84552811463616,0.3476996605827005,1.162945381430825,-0.2890823937996261,0.044732224628910716
10.763454317897372,8.773264530342141,0.3589889828741426,1.1657507310069084,-0.2882998643588939,0.04547215973350643
11.013767209011265,8.70119968354804,0.3704655639960267,1.1686086198786894,-0.2874943948715618,0.04622849544501801
11.264080100125158,8.629339379363497,0.38213355900103924,1.1715202664657869,-0.2866654754479319,0.04700163107834189
11.514392991239049,8.55768955226928,0.39399722424266514,1.174486917257061,-0.2858125914074924,0.04779197423622111
11.764705882352942,8.486256266819522,0.4060609197135272,1.1775098470819902,-0.28493522418926603,0.048599940703033265
12.015018773466835,8.415045718371887,0.4183291109555916,1.1805903593621754,-0.2840328520172363,0.04942595438138565
12.265331664580726,8.344064229042699,0.4308063676382131,1.1837297852335928,-0.2831049509819408,0.050270446826039296
12.51564455569462,8.273318253831278,0.44349736949997076,1.1869294850981684,-0.28215099537045485,0.05113385761605345
12.76595744680851,8.202814380791178,0.4564069081151792,1.1901908487655797,-0.28117045850459943,0.05201663422643941
13.016270337922403,8.132559330843685,0.4695398884898195,1.193515295517676,-0.2801628136501376,0.05291923186393405
13.266583229036296,8.062559957159122,0.48290133073485875,1.1969042740827578,-0.279127535170092,0.05384211323061356
13.516896120150188,7.992823238515385,0.49649636918552303,1.2003592612110658,-0.27806410111987756,0.05478574761426769
13.76720901126408,7.923356286783743,0.5103302577032331,1.203881763555867,-0.2769719925521741,0.05575061154668736
14.017521902377974,7.854166345060796,0.5244083709792033,1.2074733173780543,-0.27585069504588583,0.056737188418221916
14.267834793491865,7.785260786216771,0.5387362060758857,1.2111354883552878,-0.274699700164739,0.05774596813527735
14.518147684605758,7.716647109765604,0.5533193835424146,1.2148698711432688,-0.2735185073136166,0.05877744663694132
14.76846057571965,7.648332930072398,0.5681636457390532,1.218678087429409,-0.2723066275682738,0.05983212462734564
15.018773466833542,7.58032598751195,0.583274862702575,1.2225617879724395,-0.27106358238287176,0.06091050836095497
15.269086357947435,7.512634142919164,0.5986590325912419,1.2265226517363432,-0.26978890607666545,0.0620131089215476
15.519399249061328,7.445265373985414,0.614322282805856,1.2305623853601424,-0.26848214791302305,0.06314044166900569
15.76971214017522,7.378227768796471,0.6302708700914098,1.2346827221290928,-0.26714287478019066,0.06429302544813892
16.020025031289112,7.311529510657911,0.646511177531236,1.2388854194305816,-0.2657706756915855,0.06547138106959405
16.270337922403005,7.245178889744751,0.6630497213099213,1.2431722608658666,-0.2643651608235165,0.06667603199636471
16.520650813516898,7.1791842934004,0.6798931497894576,1.2475450546518396,-0.26292596496221216,0.06790750325912363
16.770963704630788,7.1135541999446215,0.697048243906198,1.2520056326298246,-0.26145275026597276,0.0691663206525127
17.02127659574468,7.048297167122692,0.7145219157143556,1.2565558486252217,-0.2599452098791912,0.07045300963901246
17.271589486858574,6.983421812066886,0.7323212039581114,1.2611975757299276,-0.25840307292548587,0.07176809376655582
17.521902377972467,6.918936824259763,0.7504532814258735,1.2659327076705218,-0.256826104395931,0.07311209488316983
17.77221526908636,6.8548509499428825,0.7689254521974223,1.2707631566020834,-0.25521410955247065,0.07448553176102395
18.022528160200253,6.791172982279066,0.787745150983812,1.2756908515969771,-0.25356693748480874,0.0758889190179589
18.272841051314142,6.727911743380502,0.806919939685809,1.2807177366802773,-0.2518844855331411,0.07732276587352055
18.523153942428035,6.6650760605025585,0.8264575019656668,1.2858457684900655,-0.25016670438156446,0.07878757475800902
18.773466833541928,6.602674777080971,0.8463656499809817,1.2910769157700097,-0.2484135997197519,0.08028384052989533
19.02377972465582,6.540716730708347,0.8666523196618432,1.2964131570093562,-0.24662523732113276,0.08181204904068036
19.274092615769714,6.479210738660057,0.8873255686565067,1.3018564784340694,-0.24480174744198385,0.08337267580129319
19.524405506883607,6.418165572321033,0.9083935708529494,1.3074088728072895,-0.24294332958062567,0.08496618506413245
19.774718397997496,6.357589930524294,0.92986461057814,1.3130723381629477,-0.24105025739960798,0.08659302886904406
20.02503128911139,6.297492445165197,0.9517470868659177,1.3188488737508206,-0.23912288304041582,0.08825364463688214
20.275344180225282,6.237881652511966,0.9740495070579519,1.3247404786243462,-0.23716164236820522,0.08994845413705392
20.525657071339175,6.178765973005656,0.9967804830653063,1.3307491493802808,-0.23516706015835193,0.0916778620124127
20.77596996245307,6.1201536841064055,1.0199487265958123,1.3368768824547057,-0.23313975341612964,0.09344225627334156
21.02628285356696,6.0620528618552845,1.043563035252345,1.3431256738354338,-0.23108044003101388,0.09524200738704984
21.27659574468085,6.004471433109389,1.067632307565571,1.349497510394054,-0.22898993901854758,0.09707746453555495
21.526908635794744,5.947417089398314,1.0921655216748758,1.3559943707890012,-0.22686918182218996,0.09894895500980587
21.777221526908637,5.8908972809611395,1.1171717356596715,1.3626182238832016,-0.22471921537972367,0.10085678314924033
22.02753441802253,5.834919178832981,1.1426600817704138,1.369371035799538,-0.22254120560173285,0.10280123235375223
22.277847309136423,5.779489639832523,1.1686397604953493,1.3762547738703386,-0.22033644176228612,0.1047825659151682
22.528160200250316,5.724615184314707,1.1951200339204846,1.383271396921785,-0.21810634490945943,0.10680102265139009
22.778473091364205,5.670301958740157,1.2221102217194275,1.3904228620492662,-0.21585247214880074,0.10885681840751353
23.028785982478098,5.616555703924602,1.2496196952573093,1.3977111251038954,-0.21357652214084188,0.11095014552089584
23.27909887359199,5.56338172404037,1.2776578706312305,1.405138140114874,-0.21128034060307851,0.11308117208141202
23.529411764705884,5.510784832711571,1.3062342041929604,1.4127058795694964,-0.20896592341600218,0.11525004787613216
23.779724655819777,5.458769325327624,1.3353581865984394,1.4204163313481657,-0.20663542257487172,0.1174569026626641
24.03003754693367,5.407338949063378,1.3650393372366156,1.4282714978740165,-0.20429115193332817,0.11970184512140056
24.28035043804756,5.356496838627683,1.395287204031958,1.436273428166846,-0.20193558979217374,0.12198497194583113
24.530663329161452,5.306245491633158,1.4261113555489826,1.444424210899545,-0.19957138491280998,0.1243063651757678
24.780976220275345,5.256586729751589,1.4575213767959174,1.4527259830464232,-0.19720136132532218,0.12666609410564816
25.03128911138924,5.2075216305553225,1.4895268762985119,1.4611809782713288,-0.19482852058074612,0.12906422847243995
25.28160200250313,5.159050504216799,1.5221374745616498,1.469791511658277,-0.1924560479406841,0.13150083369090218
25.53191489361702,5.111172846104564,1.5553628051086914,1.4785600034872728,-0.19008731640840976,0.13397597687280752
25.782227784730914,5.063887270945217,1.5892125321858463,1.487489045864401,-0.18772588899504064,0.13648974412701134
26.032540675844807,5.017191486017835,1.6236963328446081,1.496581377993651,-0.18537552472822744,0.1390422338290114
26.2828535669587,4.971082235910453,1.658823908828967,1.5058399347335731,-0.18304018255955187,0.14163356868421612
26.533166458072593,4.92555523618073,1.694605014910836,1.5152679320334197,-0.18072402546539992,0.14426391660776522
26.783479349186486,4.880605145134358,1.731049434621729,1.5248688323836255,-0.1784314247035312,0.1469334825177172
27.033792240300375,4.836225502306743,1.7681670069926585,1.5346464241616613,-0.17616696542225455,0.1496425270348478
27.284105131414268,4.792408662171504,1.80596766547322,1.5446049260834906,-0.1739354539349446,0.15239139047651484
27.53441802252816,4.7491457539121145,1.8444614258788736,1.554748982189373,-0.1717419209491639,0.15518049225139946
27.784730913642054,4.7064266142284845,1.883658428776351,1.565083770359048,-0.16959163200675098,0.15801035423462684
28.035043804755947,4.664239737239157,1.9235689464366432,1.5756150394812982,-0.16749009124459285,0.16088161018256322
28.28535669586984,4.622572202882573,1.96420343784585,1.5863492481234869,-0.16544305683524457,0.16379503441300433
28.53566958698373,4.581409619624078,2.0055725710255103,1.597293632608147,-0.1634565482032142,0.1667515570217491
28.785982478097623,4.540736056878782,2.047687264554082,1.6084563168174113,-0.16153685953147992,0.16975228620414134
29.036295369211516,4.500533966398391,2.090558752971397,1.6198464735640083,-0.15969057969847023,0.1727985401518657
29.28660826032541,4.460784124500773,2.134198607903913,1.63147439291674,-0.15792459997760658,0.17589186217458225
29.5369211514393,4.421465523966068,2.1786188467378715,1.6433517494535397,-0.15624615257531863,0.1790340695285914
29.787234042553195,4.382555323145452,2.2238319480586237,1.6554916515431688,-0.15466281379810307,0.1822272659733191
30.037546933667084,4.344028724139545,2.2698509764804546,1.66790895902303,-0.15318255321424673,0.1854738972918682
30.287859824780977,4.305858882815907,2.3166896575689773,1.6806204777351161,-0.15181376132688526,0.18877678730722236
30.53817271589487,4.268016795167608,2.3643624751671473,1.6936452249573934,-0.15056529009789837,0.19213918399711358
30.788485607008763,4.230471189935259,2.412884770227043,1.7070046908999854,-0.14944649266474314,0.19556480551444064
31.038798498122656,4.193188371482832,2.462272897741845,1.7207232792932623,-0.1484672955577352,0.19905791200932452
31.28911138923655,4.156132096036219,2.512544337604777,1.7348286173009757,-0.14763824642331488,0.20262335804882828
31.53942428035044,4.119263380697369,2.563717881246977,1.7493521087721782,-0.14697060473843968,0.20626667962629364
31.78973717146433,4.082540342657881,2.615813783079032,1.7643293900550907,-0.14647641474340314,0.20999416666951223
32.040050062578224,4.0459179566730965,2.6688539947121304,1.7798010827902255,-0.14616862868491987,0.21381297631673588
32.29036295369212,4.009347835737464,2.722862372738491,1.795813473580345,-0.14606121467423994,0.2177312349797985
32.54067584480601,3.97277795904933,2.777864938149378,1.8124194092485237,-0.14616929964729003,0.22175816866112413
32.7909887359199,3.9361523563404286,2.833890175736718,1.8296793819760109,-0.14650934031003646,0.22590425703836858
33.041301627033796,3.8994107449803526,2.890969374506571,1.8476628370102497,-0.14709932319067112,0.23018141398384145
33.29161451814769,3.8624881389048085,2.949136993902111,1.866449633476499,-0.14795898529231996,0.2346031858203181
33.541927409261575,3.825314344942525,3.0084311309830962,1.8861320670780035,-0.14911010918627454,0.2391850155767357
33.79224030037547,3.787813441321963,3.0688940039038344,1.9068170396008408,-0.1505768314550451,0.24394452121461327
34.04255319148936,3.7499031255555684,3.1305725531752526,1.9286289826959016,-0.15238604352755983,0.2489018576022962
34.292866082603254,3.7114939720557905,3.1935191247293786,1.9517133826134516,-0.15456785671792325,0.25408014017611935
34.54317897371715,3.6724885614849287,3.2577922700827235,1.9762412158055047,-0.15715616340836291,0.25950596050675256
34.79349186483104,3.632780436929297,3.323457706694159,2.0024147009507183,-0.16018933031887683,0.26521002994439447
35.04380475594493,3.5922529023411918,3.3905894264500565,2.0304744347632617,-0.16371101749044842,0.2712279494266263
35.294117647058826,3.5507775641452435,3.459271045549096,2.0607088496985413,-0.16777120339328508,0.2776011873227294
35.54443053817272,3.508212599964779,3.5295974177278433,2.093466536922105,-0.17242744038656682,0.2843782964402061
35.79474342928661,3.464400670566655,3.601676597600868,2.1291726892069187,-0.17774642164764415,0.2916164589642902
36.045056320400505,3.419166403581851,3.6756322294345245,2.1683511622729004,-0.18380593127204678,0.2993834502119686
36.2953692115144,3.3723133160151777,3.7516065061375583,2.211654826131107,-0.19069731465782125,0.3077601831579848
36.545682102628284,3.3236200406498426,3.8297638584409013,2.259907955383463,-0.1985286261289807,0.31684403230655456
36.79599499374218,3.2728356648182086,3.9102955926688887,2.3141664272837335,-0.20742865985921602,0.32675321884388225
37.04630788485607,3.2196739088376103,3.9934258118813615,2.375805542032571,-0.21755218213988076,0.33763269819687974
37.29662077596996,3.1638058108810516,4.079419056320914,2.446651117539553,-0.22908677351393045,0.34966216305319603
37.546933667083856,3.1048504328239384,4.1685903078957525,2.5291812466871213,-0.24226185033480133,0.36306711383892853
37.79724655819775,3.0423629621415365,4.261318292896334,2.626847322585663,-0.25736066436245814,0.37813443972434135
38.04755944931164,2.9758193258695376,4.358063472343373,2.744605537123478,-0.27473632350769955,0.39523479062748545
38.297872340425535,2.9045961530900204,4.459392854749226,2.889840216893757,-0.29483320874800056,0.41485542411643955
38.54818523153943,2.827944547677733,4.5660149271626995,3.0740609082180805,-0.3182152253747515,0.4376495754947106
38.79849812265332,2.744955834800551,4.678830034911223,3.3162532328600083,-0.3456016710963412,0.4645126749324216
39.048811013767214,2.6545176094395417,4.7990049507115655,3.6501200902063036,-0.37790764470692695,0.4967033291896388
39.29912390488111,2.5552606325136344,4.928086440604269,4.141724733599198,-0.41627138391822666,0.536040846973173
39.54943679599499,2.445506793941828,5.06817935802727,4.940347432359988,-0.46199743997360687,0.5852353430068201
39.799749687108886,2.3232662108922466,5.222233059485047,6.468173616624678,-0.5161377042726769,0.6484408118486032
40.05006257822278,2.1864874045987324,5.3945036654994984,10.552140600274358,-0.5775075042745682,0.7321066190782373
40.30037546933667,2.0345606834950014,5.591227270990355,52.98240339882952,-0.6320084332961412,0.8455260601048605
40.550688360450565,2.000000006035838,5.638057466108923,298220591.4517605,-0.6364001128015618,0.8750004960887198
40.80100125156446,0.11372417660339304,34.04255319148936,5.509554219455084,1.8638906096031786,1.4599819222685033
41.05131414267835,-0.15158190386736173,0.11530155578256485,34.292866082603254,5.471746116591239,1.8929517393558575
41.30162703379224,1.4657535485240776,-0.15050499656599772,0.1169004589323815,34.54317897371715,5.4342073680420615
41.55193992490614,1.9224158108393852,1.4716097834790012,-0.14942998525774318,0.11852110209555244,34.79349186483104
41.80225281602003,5.396937333933934,1.952288294486204,1.4775521426070748,-0.14835819698544103,0.12016371499451578
42.05256570713392,35.04380475594493,5.359935030442043,1.9825747240480789,1.4835822340893468,-0.14729102549408507
42.30287859824781,0.12182854370492562,35.294117647058826,5.323199123579688,2.0132806900313778,1.489701751505208
42.5531914893617,-0.146229932076393,0.1235158488881365,35.54443053817272,5.286727907865978,2.0444118480884055
42.803504380475594,1.4959124906747576,-0.14517644830652454,0.12522590972264858,35.79474342928661,5.250519270809496
43.05381727158949,2.0759739393951953,1.502216388142697,-0.1441321813703596,0.12695903281623278,36.045056320400505
43.30413016270338,5.2145706955563185,2.107972777500381,1.5086155007990958,-0.14309881292567936,0.1287155474884869
43.55444305381727,36.2953692115144,5.178879241622932,2.140414254444809,1.5151120193220085,-0.14207810168170268
43.804755944931166,0.1304958088831451,36.545682102628284,5.143441510004879,2.1733043649126396,1.521708310768942
44.05506883604506,-0.14107188952727234,0.13230020746102164,36.79599499374218,5.108253625829709,2.206649210817303
44.30538172715895,1.5284069292377365,-0.14008210381685382,0.13412917145511116,37.04630788485607,5.073311232464245
44.555694618272845,2.240454992797749,1.5352106053098868,-0.1391107570820172,0.13598316467204227,37.29662077596996
44.80600750938674,5.038609461519723,2.274728029328961,1.5421222806820853,-0.13815995254401017,0.13786269409088117
45.05632040050063,37.546933667083856,5.004142889790929,2.3094747910133444,1.5491451689064961,-0.1372318939117814
45.30663329161452,0.13976832278853413,37.79724655819775,4.969905537703003,2.344701886893381,1.556282735080239
45.55694618272841,-0.13632888290408474,0.1417006659617948,38.04755944931164,4.935890837318249,2.38041608627809
45.8072590738423,1.5635387355866648,-0.13545332609549335,0.14366039928551216,38.297872340425535,4.902091599180894
46.057571964956196,2.4166243421560196,1.5709172605598505,-0.13460774234426157,0.1456482676994416,38.54818523153943
46.30788485607009,4.868499998907322,2.4533337906865973,1.5784227357537712,-0.13379476330982273,0.14766508635690892
46.55819774718398,38.79849812265332,4.835107531629038,2.490551789807904,1.5860599935698265,-0.13301714648549054
46.808510638297875,0.14971175481166435,39.048811013767214,4.801904981381399,2.528285939646138,1.5938343113933024
47.05882352941177,-0.13227778219468375,0.1517892649571721,39.29912390488111,4.768882405517495,2.5665440845206846
47.30913642052566,1.6017514164604691,-0.13157969429657854,0.15389870255756422,39.54943679599499,4.736029071470982
47.559449311639554,2.6053343708468506,1.6098175950985674,-0.13092606070501098,0.15604126820560182,39.799749687108886
47.80976220275345,4.703333436050722,2.6446652560331554,1.618039709459561,-0.13032021627889648,0.15821828126549123
48.06007509386734,40.05006257822278,4.670783115081442,2.6845455280043407,1.6264252353641804,-0.12976565984342123
48.310387984981226,0.1604311876119791,40.30037546933667,4.6383648057108715,2.7249843757075247,1.6349824041561414
48.56070087609512,-0.12926608183928176,0.16268158589648707,40.550688360450565,4.606064264017786,2.7659914007936353
48.81101376720901,1.643720222720121,-0.12882536760742602,0.16497123222339505,40.80100125156446,4.573866243713335
49.061326658322905,2.8075766690177497,1.6526485805924238,-0.12844761783065287,0.16730205983564353,41.05131414267835
49.3116395494368,4.541754448613757,2.8497507482784132,1.6617783256171936,-0.12813716294132146,0.16967619356732694
49.56195244055069,41.30162703379224,4.509711468985457,2.8925247627825157,1.6711213803798783,-0.12789858581153452
49.812265331664584,0.17209597099723487,41.55193992490614,4.477718702948668,2.935910462020834,1.6806908935489808
50.06257822277848,-0.12773675129697654,0.17456396944199845,41.80225281602003,4.445756311366193,2.9799202554517046
50.31289111389237,1.6905013103048603,-0.1276568192161792,0.17708301933691914,42.05256570713392,4.413803099318696
50.56320400500626,3.024567318549407,1.7005686238490345,-0.12766429275400482,0.179656247235804,42.30287859824781
50.813516896120156,4.381836477409684,3.069865622708599,1.7109104297497266,-0.1277650289716758,0.1822870868312886
51.06382978723404,42.5531914893617,4.349832320124331,3.1158300604082534,1.7215462459152222,-0.12796529958830521
51.314142678347935,0.1849793321023975,42.803504380475594,4.317764879518004,3.162476519624223,1.7324976881673093
51.56445556946183,-0.12827182428811088,0.18773716765443912,43.05381727158949,4.28560666136702,3.20982199145054
51.81476846057572,1.7437887525303548,-0.12869182255487646,0.19056521512825997,43.30413016270338,4.253328309926236
52.065081351689614,3.2578846708529143,1.7554460744573765,-0.12923306233511284,0.19346857625023148,43.55444305381727
52.31539424280351,4.220898431907572,3.3066841119066823,1.76749937421095,-0.12990394113136916,0.19645290338140886
52.5657071339174,43.804755944931166,4.188283461312166,3.356241345437137,1.779981782005828,-0.13071354450560113
52.81602002503129,0.199524451745771,44.05506883604506,4.155447451058049,3.406579062065942,1.7929303947615423
53.066332916145186,-0.13167174409448493,0.202690165385389,44.30538172715895,4.122351889429959,3.4577217726668925
53.31664580725908,1.8063867719816369,-0.1327892841827912,0.20595775327448973,44.555694618272845,4.088955435471365
53.56695869837297,3.5096960401184014,1.8203977081679832,-0.13407791254452842,0.2093358042374592,44.80600750938674
53.817271589486865,4.055213676385776,3.5625306921913222,1.8350159515280364,-0.13555049967701757,0.21283389283243476
54.06758448060075,45.05632040050063,4.021078823569491,3.6162570886131697,1.8503011678567005,-0.13722119561419682
54.31789737171464,0.21646271786747096,45.30663329161452,3.9864993698103355,3.6709094226707175,1.8663210773121013
54.568210262828536,-0.13910561045742836,0.2202342626625533,45.55694618272841,3.9514196887791204,3.726525074137
54.81852315394243,1.8831528679675218,-0.1412210304605989,0.22416198879539737,45.8072590738423,3.915779603438573
55.06883604505632,3.783144990000904,1.9008847885048787,-0.14358665663293765,0.228261050452804,46.057571964956196
55.319148936170215,3.879513843710925,3.8408141646370044,1.9196183080823073,-0.14622391508949395,0.2325485758226473
55.56946182728411,46.30788485607009,3.842551476186491,3.899582146891804,1.9394704902557223,-0.14915678878867838
55.819774718398,0.23704396994023977,46.55819774718398,3.8048151957295033,3.959503672442459,1.9605771942756105
56.070087609511894,-0.15241224618778465,0.24176930956388387,46.808510638297875,3.766220523934597,4.020639383115867
56.32040050062579,1.9830969298882364,-0.15602073722665852,0.24674980476414615,47.05882352941177,3.7266748625643187
56.57071339173968,4.0830566814259655,2.0072157898510308,-0.1600167993701291,0.2520143691316065,47.30913642052566
56.821026282853566,3.686076377020412,4.146830746586254,2.033153740504405,-0.16443979491711164,0.2575963211725061
57.07133917396746,47.559449311639554,3.644312690064956,4.2120457322945475,2.0611726303326003,-0.16933480124238803
57.32165206508135,0.2635342429640192,47.80976220275345,3.601259313242387,4.27879621807984,2.09158671021756
57.571964956195245,-0.17475371558991443,0.2698730612828379,48.06007509386734,3.5567777708246453,4.347188965046334
57.82227784730914,2.1247765450180944,-0.18075662472356896,0.27666541025046126,48.310387984981226,3.51071334970392
58.07259073842303,4.417345048395709,2.1612074979604485,-0.18741350755137787,0.2839733533814739,48.56070087609512
58.322903629536924,3.4628923644739205,4.4894024829191865,2.2014548883374565,-0.19480637917829066,0.29187059932674114
58.57321652065082,48.81101376720901,3.4131188174541176,4.56351948135305,2.2462386989353944,-0.20303201075210028
58.82352941176471,0.3004453756156951,49.061326658322905,3.36117028463208,4.639878544564995,2.2964724812613597
59.0738423028786,-0.21220541775190416,0.3098042077227642,49.3116395494368,3.3067928173848964,4.718691629548022
59.324155193992496,2.3533333162179857,-0.22246434757524758,0.32007693055888764,49.56195244055069,3.2496945417153
59.57446808510639,4.80020680067002,2.418365148315281,-0.23397515274320127,0.33142347476023853,49.812265331664584
59.824780976220275,3.1895375868684983,4.884716852116297,2.493634356463685,-0.24694049865964687,0.3440431394296504
60.07509386733417,50.06257822277848,3.125927768261561,4.9725706967101795,2.581972669984404,-0.26160960916991755
60.32540675844806,0.3581875423638559,50.31289111389237,3.058401307318128,5.064188621823014,2.6873692939250926
60.575719649561954,-0.27829196575788384,0.3741790046703409,50.56320400500626,2.986407554212713,5.160083116175692
60.82603254067585,2.815632386691514,-0.2973757065752438,0.39243723610660597,50.813516896120156,2.909286364382328
61.07634543178974,5.26088786941901,2.975562498003206,-0.31935229500721457,0.41351895182284304,51.06382978723404
61.32665832290363,2.826238341290183,5.367399076664677,3.1811690334643186,-0.3448490042480087,0.43817822866063477
61.576971214017526,51.314142678347935,2.736285915309376,5.4806357615066466,3.456195623104686,-0.3746694535379838
61.82728410513142,0.4674610329380586,51.56445556946183,2.63822376594968,5.60193036539338,3.844342007744915
62.07759699624531,-0.40983609057801207,0.5028577044921893,51.81476846057572,2.5305610029158427,5.733068932024206
62.327909887359205,4.43572770467639,-0.4516044043004062,0.5465560969724268,52.065081351689614,2.411474000979445
62.5782227784731,5.8765146693273955,5.450340331358511,-0.5013275031980197,0.6018706944485852,52.31539424280351
62.828535669586984,2.278854952892329,6.035772634467717,7.600144051524301,-0.559674831700411,0.6739613608089188
63.07884856070088,52.5657071339174,2.130835409093099,6.21597616311183,15.146358306729491,-0.6228311629056478
63.32916145181477,0.7708476550546052,52.81602002503129,2.000000022779309,6.382808991060589,81653557.65626603
63.57947434292866,-0.6576133058437617,0.8750006275108002,53.066332916145186,-0.1017035754885903,0.045883153934057085
63.829787234042556,44.30538172715895,8.708399988343109,1.4211588983137031,53.31664580725908,1.2332269930609718
64.08010012515645,-0.10190646047865959,0.04615208018284772,44.555694618272845,8.682866435582739,53.56695869837297
64.33041301627034,1.4327453198514628,1.234309132200493,-0.10210611868740889,0.04642391650793178,44.80600750938674
64.58072590738423,53.817271589486865,8.657283314151707,1.4444001532299282,1.2354016972841546,-0.10230250793719885
64.83103879849813,0.04669869637850837,54.06758448060075,45.05632040050063,8.631651447419445,1.456124139475163
65.08135168961202,1.236504797879762,-0.1024955855557373,54.31789737171464,0.04697645367377129,45.30663329161452
65.33166458072591,8.605971669518766,1.467918028149223,1.237618544710759,54.568210262828536,-0.10268530860581519
65.5819774718398,0.04725722262891162,45.55694618272841,8.58024482537506,1.4797825774342392,54.81852315394243
65.8322903629537,1.238743049658562,-0.10287163390216118,0.04754103783417076,45.8072590738423,8.554471770783884
66.08260325406759,55.06883604505632,1.491718554222591,1.2398784257691848,-0.10305451801953185,0.047827934236077514
66.33291614518149,46.057571964956196,55.319148936170215,8.528653372488552,1.503726734207082,1.2410247872598636
66.58322903629538,-0.10323391730080196,0.04811794713868522,55.56946182728411,46.30788485607009,8.502790508257732
66.83354192740927,1.515807901971115,1.2421822495256807,-0.1034097878650548,55.819774718398,0.04841111220480886
67.08385481852315,46.55819774718398,8.476884066673671,1.5279628510250745,1.2433509291094642,56.070087609511894
67.33416770963704,-0.10358208570903794,0.04870746543770463,46.808510638297875,8.4509349472285,1.540192383899976
67.58448060075094,56.32040050062579,1.2445309437107848,-0.10375076670922084,0.049007043183570735,47.05882352941177
67.83479349186483,8.424944060880001,56.57071339173968,1.5524973123265442,1.2457224122532762,-0.10391578647558516
68.08510638297872,0.04930988216510614,47.30913642052566,56.821026282853566,8.398912329858238,1.5648784572750098
68.33541927409262,1.2469254548568653,-0.10407710044715036,0.04961601946443238,57.07133917396746,47.559449311639554
68.58573216520651,8.372840687737334,1.577336649044208,1.2481401928436622,-0.1042346639019345,57.32165206508135
68.8360450563204,0.04992549252393882,47.80976220275345,8.346730079508383,1.5898727273508797,1.2493667487439875
69.0863579474343,57.571964956195245,-0.10438843196656108,0.05023833914720209,48.06007509386734,8.32058146165232
69.33667083854819,1.6024875414189719,57.82227784730914,1.2506052463024007,-0.10453835962586602,0.05055459749990552
69.58698372966208,48.310387984981226,8.294395802201107,58.07259073842303,1.6151819500686835,1.2518558104829556
69.83729662077597,-0.10468440173461996,0.050874306110307695,48.56070087609512,58.322903629536924,8.26817407818937
70.08760951188987,1.627956821748524,1.2531185673023941,-0.10482651350035385,0.05119750376931584,58.57321652065082
70.33792240300376,48.81101376720901,8.241917277498795,1.6408130346632992,1.2543936439529801,-0.10496465017315336
70.58823529411765,58.82352941176471,0.0515242295995594,49.061326658322905,8.215626400821142,1.6537514769046917
70.83854818523155,1.255681168933155,59.0738423028786,-0.10509876671403637,0.05185452312902776,49.3116395494368
71.08886107634544,8.189302460253971,1.6667730465083026,59.324155193992496,1.2569812719561662,-0.10522881807123767
71.33917396745933,0.05218842423515883,49.56195244055069,8.162946479341178,59.57446808510639,1.6798786515422455
71.58948685857322,1.2582940839539625,-0.10535475919565448,0.0525259731445142,49.812265331664584,59.824780976220275
71.83979974968712,8.136559493113552,1.6930692101957434,1.2596197370810909,-0.10547654505629189,0.05286721043245437
72.09011264080101,60.07509386733417,50.06257822277848,8.11014254812932,1.706345650867722,1.2609583647185916
72.3404255319149,-0.1055941306557083,60.32540675844806,0.05321217702281386,50.31289111389237,8.083696702409725
72.5907384230288,1.71970891224931,1.262310101471355,60.575719649561954,-0.1057074710662476,0.053560914183553944
72.84105131414267,50.56320400500626,8.057223022135297,1.7331599432182607,60.82603254067585,1.2636750829637127
73.09136420525657,-0.10581652210771364,0.05391346339828603,50.813516896120156,8.030722585157905,61.07634543178974
73.34167709637046,1.7466997031291063,1.2650534460595622,-0.1059212396753941,0.054269866498973786,51.06382978723404
73.59198998748435,61.32665832290363,8.004196481735214,1.760329161942044,1.266445328909484,-0.10602157961809905
73.84230287859825,0.05463016569219863,61.576971214017526,51.314142678347935,7.977645813352461,1.774049300240768
74.09261576971214,1.2678508708787242,-0.10611749799494517,61.82728410513142,0.05499440351213219,51.56445556946183
74.34292866082603,7.951071692727132,1.787861109318979,1.2692702125488546,62.07759699624531,-0.10620895109790653
74.59324155193993,0.05536262281883635,51.81476846057572,7.924475243813624,1.8017655912668966,62.327909887359205
74.84355444305382,1.270703495719434,-0.10629589547436538,0.055734866796563566,52.065081351689614,7.8978576018079085
75.09386733416771,62.5782227784731,1.815763759057772,1.2721508634096683,-0.10637828794966298,0.056111178952056986
75.3441802252816,52.31539424280351,62.828535669586984,7.871219912741682,1.8298566365943978,1.2736124598389904
75.5944931163955,-0.1064560857221046,0.056491603099225206,63.07884856070088,52.5657071339174,7.844563328596684
75.84480600750939,1.8440452583191158,1.2750884301775964,-0.10652924724862224,63.32916145181477,0.05687618319512902
76.09511889862328,52.81602002503129,7.817889013747366,1.8583306699276338,1.2765789208787053,63.57947434292866
76.34543178973718,-0.10659773113106294,0.05726496355196267,53.066332916145186,7.791198144319682,1.8727139283926033
76.59574468085107,63.829787234042556,1.2780840796470514,-0.10666149625273295,0.05765798881391689,53.31664580725908
76.84605757196496,7.76449190698576,64.08010012515645,1.8871961019322319,1.2796040553784127,-0.10672050201450366
77.09637046307886,0.058055303915318754,53.56695869837297,64.33041301627034,7.7377714989177635,1.9017782700918457
77.34668335419275,1.2811389981586603,-0.10677470836632946,0.05845695407724553,64.58072590738423,53.817271589486865
77.59699624530664,7.711038127741754,1.9164615238254488,1.2826890592628115,-0.10682407583876573,64.83103879849813
77.84730913642053,0.058862984804138575,54.06758448060075,7.684293011491545,1.931246965577285,1.284254391154081
78.09762202753443,65.08135168961202,-0.10686856557448676,0.05927344188041717,54.31789737171464,7.6575373773747675
78.34793491864832,1.9461357092296157,65.33166458072591,1.2858351474509513,-0.10690813953878785,0.05968837133937435
78.59824780976221,54.568210262828536,7.630772455070481,65.5819774718398,1.9611288794345632,1.2874314827470026
78.84856070087609,-0.1069427615541092,0.06010781930446171,54.81852315394243,65.8322903629537,7.603999487367192
79.09887359198999,1.976227612899064,1.2890435528976383,-0.10697239572159765,0.06053183223522671,66.08260325406759
79.34918648310388,55.06883604505632,7.577219727355976,1.9914330581554798,1.2906715149448031,-0.1069970068686295
79.59949937421777,66.33291614518149,0.06096045685950254,55.319148936170215,7.550434437243612,2.0067463755146733
79.84981226533166,1.2923155270853202,66.58322903629538,-0.10701656075222074,0.06139374014340219,55.56946182728411
80.10012515644556,7.523644888232143,2.0221687371392028,66.83354192740927,1.2939757486679422,-0.10703102410174051
80.35043804755945,0.0618317292861985,55.819774718398,7.496852360398438,67.08385481852315,2.037701327116513
80.60075093867334,1.2956523401904025,-0.10704036466162435,0.0622744717152043,56.070087609511894,67.33416770963704
80.85106382978724,7.470058142573759,2.05334534153213,1.2973454632964672,-0.10704455123408764,0.06272201508065255
81.10137672090113,67.58448060075094,56.32040050062579,7.443263529789909,2.0691019882496926,1.2990552807567977
81.35168961201502,-0.10704355406072584,67.83479349186483,0.06317440721145458,56.57071339173968,7.416469816440093
81.60200250312892,2.084972486174726,1.3007819564213108,68.08510638297872,-0.10703734580090285,0.06363169600206425
81.85231539424281,56.821026282853566,7.389678309415799,2.1009580669249783,68.33541927409262,1.3025256553044169
82.1026282853567,-0.10702589972819501,0.0640939296204948,57.07133917396746,7.362890323230109,68.58573216520651
82.3529411764706,2.1170599743306187,1.3042865435504318,-0.10700919043547948,0.06456115642673313,57.32165206508135
82.60325406758449,68.8360450563204,7.336107179097731,2.133279464411102,1.3060647884253103,-0.10698719398899467
82.85356695869838,0.06503342495476576,69.0863579474343,57.571964956195245,7.309330204709887,2.1496178054357555
83.10387984981227,1.3078605583130012,-0.10695988798563001,69.33667083854819,0.06551078390577626,57.82227784730914
83.35419274092617,7.282560734009217,2.166076277984362,1.3096740227118013,69.58698372966208,-0.1069272516102158
83.60450563204006,0.06599328214134259,58.07259073842303,7.255800106826803,2.18265617499221,69.83729662077597
83.85481852315395,1.3115053522340914,-0.10688926570999174,0.06648096867591098,58.322903629536924,7.229049659768637
84.10513141426785,70.08760951188987,2.1993588008092617,1.3133547188205834,-0.10684591395946,0.06697389262334513
84.35544430538174,58.57321652065082,70.33792240300376,7.202310733582346,2.21618547211607,1.3152222955505677
84.60575719649562,-0.10679718197167704,0.06747210322996704,70.58823529411765,58.82352941176471,7.175584676734469
84.85607008760951,2.2331375184127564,1.3171082565450554,-0.10674305688174061,70.83854818523155,0.06797564988770975
85.1063829787234,59.0738423028786,7.1488728412743185,2.2502162816389593,1.3190127770590094,71.08886107634544
85.3566958698373,-0.10668352789142214,0.068484582106789,59.324155193992496,7.1221765824935,2.267423116221417
85.60700876095119,71.33917396745933,1.3209360334805278,-0.10661858634083284,0.0689989495082951,59.57446808510639
85.85732165206508,7.09549725858544,71.58948685857322,2.2847593891215525,1.3228782033300268,-0.10654822578008981
86.10763454317897,0.0695188018167848,59.824780976220275,71.83979974968712,7.068836230304908,2.3022264798830596
86.35794743429287,1.3248394652594244,-0.1064724420409821,0.07004418885287315,72.09011264080101,60.07509386733417
86.60826032540676,7.042194856716366,2.3198257803306523,1.3268199992737215,-0.10639123374868889,72.3404255319149
86.85857321652065,0.0705751605470294,60.32540675844806,7.015574485833212,2.3375586938131327,1.3288199872431015
87.10888610763455,72.5907384230288,-0.10630460340833363,0.07111176698107133,60.575719649561954,6.988976473322329
87.35919899874844,2.3554266369495953,72.84105131414267,1.3308396118191654,-0.10621255533386104,0.07165405827750654
87.60951188986233,60.82603254067585,6.962402174938045,73.09136420525657,2.373431039032565,1.33287905684498
87.85982478097623,-0.1061150965326641,0.07220208463129701,61.07634543178974,73.34167709637046,6.935852945188038
88.11013767209012,2.391573341986962,1.3349385074107587,-0.1060122368890436,0.07275589630783769,73.59198998748435
88.36045056320401,61.32665832290363,6.909330136841278,2.4098550004041703,1.3370181498616656,-0.10590398925292863
88.6107634543179,73.84230287859825,0.07331554363637019,61.576971214017526,6.882835100435974,2.428277481576098
88.8610763454318,1.3391181718056169,74.09261576971214,-0.10579036952859706,0.07388107700339643,61.82728410513142
89.11138923654569,6.856369183461207,2.4468422655125117,74.34292866082603,1.3412387621546549,-0.10567139679632886
89.36170212765958,0.07445254685260597,62.07759699624531,6.829933715290034,74.59324155193993,2.465550844227573
89.61201501877348,1.3433801126322475,-0.10554709487208215,0.07503000396923026,62.327909887359205,74.84355444305382
89.86232790988737,6.803530020277093,2.484404722470903,1.345542416382951,-0.10541749102468659,0.07561349920218172
90.11264080100126,75.09386733416771,62.5782227784731,6.7771594219269655,2.503405418000674,1.3477258675007373
90.36295369211514,-0.1052826155942141,75.3441802252816,0.07620308336443676,62.828535669586984,6.750823236588666
90.61326658322903,2.522554461319509,1.3499306616348994,75.5944931163955,-0.10514250266741848,0.07679880734249678
90.86357947434293,63.07884856070088,6.724522772779764,2.541853395699124,75.84480600750939,1.3521569960167648
91.11389236545682,-0.10499719018500789,0.07740072209347121,63.32916145181477,6.698259330510508,76.09511889862328
91.36420525657071,2.5613037772049587,1.354405069486411,-0.10484672004891729,0.07800887864216045,63.57947434292866
91.6145181476846,76.34543178973718,6.672034200607952,2.580907174720819,1.356675082519379,-0.10469113822958093
91.8648310387985,0.07862332807813897,76.59574468085107,63.829787234042556,6.645848657813361,2.6006651700106205
92.11514392991239,1.3589672382600362,-0.10453049543994618,76.84605757196496,0.07924412178703735,64.08010012515645
92.36545682102629,6.619703948242332,2.620579357813727,1.3612817444663006,77.09637046307886,-0.10436484832258126
92.61576971214018,0.07987131189385432,64.33041301627034,6.593601315783885,2.640651345708239,77.34668335419275
92.86608260325407,1.363618809159247,-0.10419425709264504,0.08050495024169631,64.58072590738423,6.567541990613908
93.11639549436796,77.59699624530664,2.660882754200058,1.3659786423975426,-0.10401878662912263,0.08114508879547143
93.36670838548186,64.83103879849813,77.84730913642053,6.5415271873040695,2.681275216754763,1.3683614565006206
93.61702127659575,-0.1038385066927041,0.08179177968467924,78.09762202753443,65.08135168961202,6.515558103927486
93.86733416770964,2.7018303798235515,1.3707674661107108,-0.10365349205294028,78.34793491864832,0.08244507520871032
94.11764705882354,65.33166458072591,6.489635921164385,2.7225499028691793,1.373196888254871,78.59824780976221
94.36795994993743,-0.10346382261539866,0.08310502784214588,65.5819774718398,6.463761800899856,2.743435458435048
94.61827284105132,78.84856070087609,1.3756499425267579,-0.10326958359137031,0.08377169026994567,65.8322903629537
94.86858573216522,6.437936868073432,79.09887359198999,2.764488733637075,1.378126855216637,-0.10307086707065097
95.11889862327911,0.08444511640816915,66.08260325406759,79.34918648310388,6.412162225071963,2.785711428890965
95.369211514393,1.3806278557695832,-0.10286777086801446,0.08512536050971098,79.59949937421777,66.33291614518149
95.6195244055069,6.386438955197192,2.8071052575675917,1.3831531758192241,-0.10266039828494963,79.84981226533166
95.86983729662079,0.08581247691292673,66.58322903629538,6.360768115777914,2.828671946528101,1.385703050662693
96.12015018773468,80.10012515644556,-0.1024488587389215,0.08650652039961629,66.83354192740927,6.335150736919464
96.37046307884856,2.850413236180105,80.35043804755945,1.3882777194066276,-0.10223326792036642,0.0872075462212828
96.62077596996245,67.08385481852315,6.309587820253196,80.60075093867334,2.8723308805338803,1.3908774251131693
96.87108886107634,-0.10201374794968733,0.08791561012539176,67.33416770963704,80.85106382978724,6.2840803311585445
97.12140175219024,2.8944266490691724,1.3935024175265152,-0.10179042798301603,0.08863076905257244,81.10137672090113
97.37171464330413,67.58448060075094,6.258629198902885,2.9167023264057166,1.3961529526692475,-0.10156344427361906
97.62202753441802,81.35168961201502,0.08935308101996275,67.83479349186483,6.233235323079007,2.9391597102269187
97.87234042553192,1.398829289948956,81.60200250312892,-0.10133293980033456,0.09008260435723271,68.08510638297872
98.12265331664581,6.207899567765621,2.9618006126089567,81.85231539424281,1.4015316941184426,-0.10109906474006439
98.3729662077597,0.09081939820453588,68.33541927409262,6.182622760096817,82.1026282853567,2.9846268601269155
98.6232790988736,1.4042604354928954,-0.1008619766371465,0.09156352255727339,68.58573216520651,82.3529411764706
98.87359198998749,6.157405688831516,3.007640293960922,1.4070157901670581,-0.10062184057272741,0.0923150383108579
99.12390488110138,82.60325406758449,68.8360450563204,6.132249096307952,3.030842772051402,1.4097980430958479
99.37421777221527,-0.10037882989843872,82.85356695869838,0.09307400803837683,69.0863579474343,6.107153669116116
99.62453066332917,3.054236171651463,1.4126074917299254,83.10387984981227,-0.10013312707943975,0.09384049691029661
99.87484355444306,69.33667083854819,6.082120057047932,3.0778223831197047,83.35419274092617,1.4154444374106043
100.12515644555695,-0.0998849221251705,0.09461457048116607,69.58698372966208,6.057148862790584,83.60450563204006
100.37546933667085,3.1016033127759046,1.418309189429258,-0.09963441351592026,0.09539629571780134,69.83729662077597
100.62578222778474,83.85481852315395,6.0322406397828745,3.125580883228051,1.42120206555317,-0.09938180843303182
100.87609511889863,0.09618574112305628,84.10513141426785,70.08760951188987,6.007395890477372,3.149757033573672
101.12640801001253,1.424123392375732,-0.09912732295448971,84.35544430538174,0.09698297681463444,70.33792240300376
101.37672090112642,5.982615061105529,3.1741337213412453,1.4270735076923609,84.60575719649562,-0.0988711825643572
101.62703379224031,0.09778807511767149,70.58823529411765,5.957898525661124,3.198712929796457,84.85607008760951
101.8773466833542,1.430052769121924,-0.09861362362984298,0.09860111274132509,70.83854818523155,5.93324660687833
102.12765957446808,85.1063829787234,3.2234966568403354,1.4330615412982797,-0.09835489155819083,0.09942216752024145
102.37797246558198,71.08886107634544,85.3566958698373,5.908659567687624,3.248486918597286,1.4361002001631236
102.62828535669587,-0.09809524160311059,0.10025131949331585,85.60700876095119,71.33917396745933,5.884137607545411
102.87859824780976,3.273685750578026,1.4391691344356368,-0.09783493923380503,85.85732165206508,0.10108865126642358
103.12891113892366,71.58948685857322,5.859680860376763,3.2990952080398444,1.4422687461477046,86.10763454317897
103.37922403003755,-0.09757426035922351,0.10193424813815759,71.83979974968712,5.8352893913228865,3.3247173671039127
103.62953692115144,86.35794743429287,1.445399452026533,-0.09731349169202234,0.10278819843554209,72.09011264080101
103.87984981226533,5.81096317899308,86.60826032540676,3.350554335053588,1.4485616951539617,-0.09705293280679526
104.13016270337923,0.1036505963961989,72.3404255319149,86.85857321652065,5.786702128883779,3.3766082408924762
104.38047559449312,1.4517559345296422,-0.09679289455541887,0.10452153957533367,87.10888610763455,72.5907384230288
104.63078848560701,5.7625060708077145,3.4028812360299803,1.4549826459703654,-0.09653369935133506,87.35919899874844
104.8811013767209,0.10540112906169546,72.84105131414267,5.738374753276096,3.429375496896706,1.4582423251695638
105.1314142678348,87.60951188986233,-0.09627568180997187,0.10628947022880467,73.09136420525657,5.714307840213289
105.38172715894869,3.4560932262389263,87.85982478097623,1.461535489212368,-0.09601918912481178,0.10718667309756022
105.63204005006259,73.34167709637046,5.6903049010686795,88.11013767209012,3.483036660138863,1.4648626838497627
105.88235294117648,-0.09576458229692035,0.10809285406741603,73.59198998748435,88.36045056320401,5.66636541578915
106.13266583229037,3.5102080621481697,1.4682244778110496,-0.09551223544363904,0.1090081345673936,88.6107634543179
106.38297872340426,73.84230287859825,5.642488771522996,3.5376097245917224,1.4716214643282919,-0.09526253617604521
106.63329161451816,88.8610763454318,0.10993264142092045,74.09261576971214,5.618674258488078,3.565243970596181
106.88360450563205,1.4750542633897359,89.11138923654569,-0.09501588608444128,0.1108665073838994,74.34292866082603
107.13391739674594,5.594921065632013,3.593113156376285,89.36170212765958,1.4785235243460984,-0.09477270134658054
107.38423028785984,0.1118098717620652,74.59324155193993,5.57122826444056,89.61201501877348,3.6212196844251814
107.63454317897373,1.4820299402419417,-0.09453341564352641,0.11276288377768486,74.84355444305382,89.86232790988737
107.88485607008761,5.5475948207114785,3.6495659909756513,1.4855742344805858,-0.09429847763042906,0.11372569944891803
108.1351689612015,90.11264080100126,75.09386733416771,5.524019589665685,3.6781545487915372,1.4891571639735608
108.3854818523154,-0.09406835165165166,90.36295369211514,0.11469848233453632,75.3441802252816,5.50050131051917
108.63579474342929,3.706987870455288,1.4927795228235363,90.61326658322903,-0.09384351856089164,0.11568140440373496
108.88610763454318,75.5944931163955,5.477038601063152,3.736068511794132,90.86357947434293,1.4964421461139943
109.13642052565707,-0.09362447655477231,0.1166746469160661,75.84480600750939,5.45362993846692,91.11389236545682
109.38673341677097,3.765399088955456,1.5001459280940475,-0.09341174478937041,0.11767840457752501,76.09511889862328
109.63704630788486,91.36420525657071,5.430273674254065,3.7949822616265454,1.5038918046573877,-0.09320586009392044
109.88735919899875,0.1186928815704325,91.6145181476846,76.34543178973718,5.406968027674356,3.824820737657804
110.13767209011264,1.5076807583944283,-0.09300737804847303,91.8648310387985,0.11971829272069068,76.59574468085107
110.38798498122654,5.3837110795534775,3.854917277212548,1.5115138231451442,92.11514392991239,-0.09281687396502547
110.63829787234043,0.12075486455140323,76.84605757196496,5.360500765812807,3.8852746971635956,92.36545682102629
110.88861076345432,1.5153920890009336,-0.0926349440279692,0.12180283642061862,77.09637046307886,5.3373348553878275
111.13892365456822,92.61576971214018,3.91589589045756,1.519316724243446,-0.09246221015117947,0.12286246540348843
111.38923654568211,77.34668335419275,92.86608260325407,5.314210964062779,3.9467838110216764,1.5232889582924518
111.639549436796,-0.09229931627894163,0.12393402255432537,93.11639549436796,77.59699624530664,5.291126546860598
111.8898623279099,3.9779414792443424,1.527310087934262,-0.0921469297955535,93.36670838548186,0.125017794315513
112.14017521902379,77.84730913642053,5.268078889473356,4.009371988400334,1.5313814846878417,93.61702127659575
112.39048811013768,-0.09200574317425604,0.1261140841614726,78.09762202753443,5.245065093917727,4.0410785167396535
112.64080100125157,93.86733416770964,1.535504608930238,-0.09187647705674803,0.12722321565300065,78.34793491864832
112.89111389236547,5.222082082959584,94.11764705882354,4.073064321271023,1.5396810024588634,-0.09175987872853603
113.14142678347936,0.1283455309279212,78.59824780976221,94.36795994993743,5.199126592737763,4.105332743054627
113.39173967459325,1.5439122946113168,-0.09165672348909103,0.12948139206109419,94.61827284105132,78.84856070087609
113.64205256570713,5.176195162818865,4.137887215131888,1.5482002117387674,-0.09156781686511181,94.86858573216522
113.89236545682103,0.13063118312639477,79.09887359198999,5.153284112830937,4.170731284104458,1.55254660380937
114.14267834793492,95.11889862327911,-0.09149400102190086,0.13179531585101603,79.34918648310388,5.130389555795032
114.39299123904881,4.2038685944878695,95.369211514393,1.556953424466496,-0.09143614985138035,0.13297422550369825
114.6433041301627,79.59949937421777,5.107507387280892,95.6195244055069,4.237302897588558,1.5614227417500592
114.8936170212766,-0.09139517151972554,0.13416837321666444,79.84981226533166,95.86983729662079,5.084633272137114
115.14392991239049,4.271038062570563,1.5659567518572148,-0.09137201168489868,0.13537824891578673,96.12015018773468
115.39424280350438,80.10012515644556,5.061762615476836,4.3050781025376645,1.570557812741782,-0.09136766129515259
115.64455569461828,96.37046307884856,0.13660437830922068,80.35043804755945,5.038890580781175,4.33942715542601
115.89486858573217,1.575228418308639,96.62077596996245,-0.09138315060474439,0.1378473176955668,80.60075093867334
116.14518147684606,5.016012075599734,4.374089495973618,96.87108886107634,1.579971213461018,-0.09141955266808834
116.39549436795996,0.13910765714855586,80.85106382978724,4.9931217355375646,97.12140175219024,4.40906954900834
116.64580725907385,1.5847890116299963,-0.0914779874772433,0.14038602417381496,81.10137672090113,97.37171464330413
116.89612015018774,4.970213889243371,4.444371919830458,1.5896848373727914,-0.09155963214948709,0.1416830923779383
117.14643304130163,97.62202753441802,81.35168961201502,4.947282573214468,4.480001379528244,1.59466190347868
117.39674593241553,-0.091665715357206,97.87234042553192,0.14299957701653196,81.60200250312892,4.924321513375045
117.64705882352942,4.515962880300585,1.5997236318841173,98.12265331664581,-0.09179752225027438,0.14433623930421033
117.89737171464331,81.85231539424281,4.90132409762302,4.552261578527721,98.3729662077597,1.6048736875004899
118.1476846057572,-0.09195640209180617,0.14569389318921414,82.1026282853567,4.878283374148891,98.6232790988736
118.3979974968711,4.5889028353162455,1.6101159762178947,-0.09214376800984546,0.14707340517955672,82.3529411764706
118.64831038798499,98.87359198998749,4.855192036903386,4.625892228301884,1.6154546609931264,-0.09236110074610715
118.89862327909889,0.14847569766657445,99.12390488110138,82.60325406758449,4.832042384003455,4.663235588092547
119.14893617021278,1.620894219112906,-0.09260996222637473,99.37421777221527,0.14990176014187978,82.85356695869838
119.39924906132667,4.808826315933983,4.700938998467882,1.6264394388781391,99.62453066332917,-0.09289199467468441
119.64956195244055,0.15135264880175817,83.10387984981227,4.785535325099524,4.739008804458638,99.87484355444306
119.89987484355444,1.6320954295081065,-0.09320892288404477,0.15282948868307472,83.35419274092617,4.762160446397267
120.15018773466834,100.12515644555695,4.777451654902716,1.637867691566689,-0.09356257024061447,0.15433348722078183
120.40050062578223,83.60450563204006,100.37546933667085,4.73869224173757,4.816274515149581,1.6437621345174003
120.65081351689612,-0.09395486284946583,0.1558659378556978,100.62578222778474,83.85481852315395,4.715120797299795
120.90112640801001,4.855484668632149,1.6497850743829963,-0.09438782922691548,100.87609511889863,0.15742821990878017
121.15143929912391,84.10513141426785,4.691435672524759,4.895089760020656,1.6559433093588591,101.12640801001253
121.4017521902378,-0.09486361735841158,0.1590218129152644,84.35544430538174,4.667625854371379,4.935097833694905
121.6520650813517,101.37672090112642,1.6622441875387532,-0.09538450999805423,0.16064830945644412,84.60575719649562
121.90237797246559,4.643679755844883,101.62703379224031,4.975517334687458,1.6686956008042293,-0.09595292343956378
122.15269086357948,0.16230941443842326,84.85607008760951,101.8773466833542,4.6195851576870774,5.016357157654076
122.40300375469337,1.6753060769111463,-0.09657142733072313,0.16400696212297478,102.12765957446808,85.1063829787234
122.65331664580727,4.595329187647514,5.057626664201562,1.6820848041639376,-0.09724275070303325,102.37797246558198
122.90362953692116,0.1657429211636811,85.3566958698373,4.57089826835234,5.099335727186164,1.6890417168207257
123.15394242803505,102.62828535669587,-0.09796980068873665,0.16751941027608272,85.60700876095119,4.546278055867167
123.40425531914894,5.141494783014909,102.87859824780976,1.6961875985496273,-0.09875568501929446,0.16933871706746847
123.65456821026284,85.85732165206508,4.521453425348796,103.12891113892366,5.184114843059589,1.70353409320762
123.90488110137673,-0.09960371465824099,0.1712033006436592,86.10763454317897,103.37922403003755,4.49640837054703
124.15519399249062,5.227207579076388,1.7110938905046318,-0.10051744228130004,0.17311582432870584,103.62953692115144
124.40550688360452,86.35794743429287,4.471125980110969,5.27078534306006,1.7188807534906276,-0.10150066911471921
124.65581977471841,103.87984981226533,0.17507916137021137,86.60826032540676,4.445588365873733,5.314861227672848
124.9061326658323,1.7269096502334815,104.13016270337923,-0.10255747224005757,0.17709641810927423,86.85857321652065
125.1564455569462,4.4197765554775925,5.35944915670724,104.38047559449312,1.7351969642914804,-0.10369224732555377
125.40675844806007,0.17917097027952997,87.10888610763455,4.393670447046571,104.63078848560701,5.404563923590514
125.65707133917397,1.7437605696186982,-0.10490972425357856,0.18130647657280083,87.35919899874844,104.8811013767209
125.90738423028786,4.367248705789962,5.450221278819257,1.7526200397765794,-0.10621500829119548,0.18350691419347676
126.15769712140175,105.1314142678348,87.60951188986233,4.340488678298069,5.496438002707994,1.7617968193300457
126.40801001251565,-0.10761361477577185,105.38172715894869,0.18577660817709035,87.85982478097623,4.31336625814505
126.65832290362954,5.543232020007484,1.7713145224213316,105.63204005006259,-0.10911152669368826,0.18812028069923206
126.90863579474343,88.11013767209012,4.285855795062007,5.590622476810879,105.88235294117648,1.7811991200217703
127.15894868585733,-0.11071523085643377,0.19054308252843982,88.36045056320401,4.257929927322143,106.13266583229037
127.40926157697122,5.638629883757158,1.7914793384353043,-0.11243179171657551,0.19305065712386382,88.6107634543179
127.65957446808511,106.38297872340426,4.229559472891851,5.687276208423228,1.8021869012763714,-0.11426889758464877
127.909887359199,0.19564918034791653,106.63329161451816,88.8610763454318,4.200713209930092,5.736585062824915
128.1602002503129,1.8133571026047202,-0.116234962614116,106.88360450563205,0.1983454495600713,89.11138923654569
128.41051314142678,4.171357719293639,5.7865818385073,1.825029203749858,107.13391739674594,-0.11833919737626099
128.66082603254068,0.20114694567469316,89.36170212765958,4.141457177866236,5.837293883907055,107.38423028785984
128.91113892365456,1.837246988623428,-0.12059170573922498,0.20406191829951856,89.61201501877348,4.110973095223413
129.16145181476847,107.63454317897373,5.888750731885925,1.8500595376385391,-0.12300361523708889,0.207099500723953
129.41176470588235,89.86232790988737,107.88485607008761,4.079864062492588,5.940984316774639,1.8635219697774772
129.66207759699626,-0.12558720003501717,0.21026981937775255,108.1351689612015,90.11264080100126,4.048085440803495
129.91239048811013,5.994029244817778,1.8776964218446701,-0.12835603903458578,108.3854818523154,0.21358413518561237
130.16270337922404,90.36295369211514,4.015589004779206,6.047923104634367,1.8926532552697803,108.63579474342929
130.41301627033792,-0.13132520383678903,0.21705501269760671,90.61326658322903,3.982322542029575,6.102706817766481
130.66332916145183,108.88610763454318,1.9084724650811011,-0.1345114730458331,0.22069651427963038,90.86357947434293
130.9136420525657,3.9482294131457305,109.13642052565707,6.1584250256737505,1.9252453125598363,-0.13793357357254254
131.1639549436796,0.2245244201648306,91.11389236545682,109.38673341677097,3.9132480096690387,6.215126569255944
131.4142678347935,1.943076498922309,-0.14161249008913446,0.22855651281811307,109.63704630788486,91.36420525657071
131.6645807259074,3.8773111523167216,6.272865024279472,1.9620867140891285,-0.1455718152165305,109.88735919899875
131.91489361702128,0.2328129018768569,91.6145181476846,3.8403453921020843,6.331699326693354,1.982415809335993
132.16520650813519,110.13767209011264,-0.14983816972541525,0.23731641721801083,91.8648310387985,3.8022701731413937
132.41551939924906,6.3916945280485935,110.38798498122654,2.004226906273614,-0.15444172298818018,0.24209310092678088
132.66583229036297,92.11514392991239,3.762996891305026,110.63829787234043,6.452922650996178,2.0277113426846265
132.91614518147685,-0.15941679421188035,0.2471727813199717,92.36545682102629,110.88861076345432,3.7224277524420164
133.16645807259076,6.515463735646382,2.0530952089165218,-0.16480260784987683,0.2525898034090821,111.13892365456822
133.41677096370464,92.61576971214018,3.680454442151843,6.579407070046314,2.0806476118812847,-0.17064420128941138
133.66708385481854,111.38923654568211,0.25838391761261614,92.86608260325407,3.636956518068972,6.644852694743182
133.91739674593242,2.11069169654775,111.639549436796,-0.1769935648539765,0.2646014122991136,93.11639549436796
134.1677096370463,3.591799521425296,6.711913189216237,111.8898623279099,2.1436188361598316,-0.18391102478362784
134.4180225281602,0.2712965084397247,93.36670838548186,3.544832671384007,112.14017521902379,6.780715880014365
134.6683354192741,2.1799079023878414,-0.19146699456816557,0.27853315866521217,93.61702127659575,112.39048811013768
134.918648310388,3.4958860695324057,6.851405559473572,2.2201515029861856,-0.1997441824783655,0.28638735999264264
135.16896120150187,112.64080100125157,93.86733416770964,3.444767294289756,6.924147852256829,2.2650920656168707
135.41927409261578,-0.20884038678251923,112.89111389236547,0.29495014512553064,94.11764705882354,3.391257194237603
135.66958698372966,6.999133445790467,2.3156727315323065,113.14142678347936,-0.21887208097140498,0.3043315222249971
135.91989987484357,94.36795994993743,3.335104646636237,7.076583479053058,113.39173967459325,2.3731109597998015
136.17021276595744,-0.2299790730893425,0.31466574472008235,94.61827284105132,3.276020003507719,113.64205256570713
136.42052565707135,7.156756441492805,2.439006508232647,-0.24233056980157425,0.32611840625048777,94.86858573216522
136.67083854818523,113.89236545682103,3.2136667678570143,7.239957182002601,2.51550561000291,-0.25613319568553927
136.92115143929914,0.33889621669001785,114.14267834793492,95.11889862327911,3.1476509609138614,7.326548810478655
137.17146433041302,2.605557553176918,-0.2716416665181212,114.39299123904881,0.3532606570133637,95.369211514393
137.42177722152692,3.0775073794424985,7.4169686936125565,2.7133310808235764,114.6433041301627,-0.2891730994898874
137.6720901126408,0.3695474454631676,95.6195244055069,3.002681680775463,7.5117503646961525,114.8936170212766
137.9224030037547,2.8449207491867137,-0.30912631600853624,0.3881948991436606,95.86983729662079,2.9225068430041663
138.1727158948686,115.14392991239049,7.61155412867759,3.009607898853263,-0.33200776672289567,0.4097862120790172
138.4230287859825,96.12015018773468,115.39424280350438,2.836172125910902,7.717210841563193,3.222262342775815
138.67334167709637,-0.35846577562734394,0.4351141911273321,115.64455569461828,96.37046307884856,2.742682366561843
138.92365456821028,7.829786146140435,3.508297584191276,-0.3893332032934549,115.89486858573217,0.46528321893997737
139.17396745932416,96.62077596996245,2.6408061205871722,7.9506774653649375,3.9150193932795396,116.14518147684606
139.42428035043807,-0.42567148495756413,0.5018747925770427,96.87108886107634,2.5290156483090165,8.081765045716072
139.67459324155195,116.39549436795996,4.541581218920155,-0.4687811780496059,0.5472243149793435,97.12140175219024
139.92490613266582,2.405440884256913,116.64580725907385,8.225654529926944,5.636263380765648,-0.5200372719904687
140.17521902377973,0.6048936746403581,97.37171464330413,116.89612015018774,2.2679378170087854,8.386075346290285
140.4255319148936,8.041208673897923,-0.5799565351337937,0.6804655359262741,117.14643304130163,97.62202753441802
140.67584480600752,2.114731594696283,8.568522078553352,17.510419676933697,-0.6435384704614587,117.39674593241553
140.9261576971214,0.7826325599307761,97.87234042553192,2.0000000201763637,8.712188292046479,94170191.784839
141.1764705882353,117.64705882352942,-0.671755592459278,0.8750007383276417,98.12265331664581,-0.09791743779539268
141.42678347934918,0.08956890527163466,117.89737171464331,81.85231539424281,6.226599682265579,3.3682499038641733
141.6770963704631,98.3729662077597,1.401007155497421,118.1476846057572,-0.097717415585877,0.09027471950445419
141.92740926157697,82.1026282853567,6.202165097271826,98.6232790988736,118.3979974968711,3.390935885851045
142.17772215269088,1.403623840345543,-0.09751436906330195,0.09098742905892428,82.3529411764706,118.64831038798499
142.42803504380475,98.87359198998749,6.177781701482791,3.4138011368929444,1.4062655552281447,-0.09730844765240378
142.67834793491866,118.89862327909889,0.09170709229602536,99.12390488110138,82.60325406758449,6.153450189803288
142.92866082603254,3.4368474072831003,119.14893617021278,1.4089325687188272,-0.09709980809338406,99.37421777221527
143.17897371714645,0.09243376929790752,82.85356695869838,119.39924906132667,6.12917122240998,3.4600764601446037
143.42928660826033,1.411625153828713,99.62453066332917,-0.0968886139761786,119.64956195244055,0.09316752076269089
143.67959949937423,83.10387984981227,6.1049454187801935,3.483490073500581,99.87484355444306,119.89987484355444
143.9299123904881,1.414343590496246,-0.09667503621242655,0.09390840863767097,83.35419274092617,6.080773356179061
144.18022528160202,120.15018773466834,100.12515644555695,3.5070900404683534,1.4170881658890353,-0.09645925320262644
144.4305381727159,0.09465649618743038,120.40050062578223,83.60450563204006,100.37546933667085,6.05665556818653
144.6808510638298,3.5308781694368245,1.4198591746861355,120.65081351689612,-0.09624145100056691,0.09541184805689784
144.93116395494368,100.62578222778474,83.85481852315395,6.032592538457845,120.90112640801001,3.554856286299355
145.1814768460576,1.4226569218355822,-0.09602182394156816,100.87609511889863,0.0961745309612241,121.15143929912391
145.43178973717147,84.10513141426785,6.008584687755273,3.579026239588314,1.4254817288061719,101.12640801001253
145.68210262828535,121.4017521902378,-0.09580057592547137,0.09694461526051668,84.35544430538174,5.984632394376472
145.93241551939926,3.603389891207844,121.6520650813517,101.37672090112642,1.4283339224963711,-0.09557791844993856
146.18272841051314,0.09772217214278327,84.60575719649562,121.90237797246559,5.960735984604793,101.62703379224031
146.43304130162704,3.627949120094199,1.4312138397108283,-0.09535407156079402,122.15269086357948,0.09850727474910928
146.68335419274092,84.85607008760951,101.8773466833542,5.936895730006164,3.652705822923607,122.40300375469337
146.93366708385483,1.434121828081455,-0.09512926413615282,0.09929999839848283,102.12765957446808,85.1063829787234
147.1839799749687,122.65331664580727,5.913111845651195,3.6776619144211367,1.4370582465080473,-0.09490373408052137
147.43429286608261,102.37797246558198,122.90362953692116,0.10010042069095079,85.3566958698373,5.889384486751512
147.6846057571965,3.702819328686069,1.4400234666736302,123.15394242803505,102.62828535669587,-0.09467772869192972
147.9349186483104,0.10090862187856905,85.60700876095119,5.865713733440657,123.40425531914894,3.7281800281167357
148.18523153942428,102.87859824780976,1.4430178825946394,-0.09445150632268472,0.1017246872384335,123.65456821026284
148.4355444305382,85.85732165206508,5.8420996045061075,103.12891113892366,3.753745993777354,1.4460419005499359
148.68585732165207,123.90488110137673,-0.09422533488108632,0.10254870455660688,86.10763454317897,103.37922403003755
148.93617021276597,5.81854205319754,124.15519399249062,3.7795192272541898,1.4490959411573603,-0.09399949228891549
149.18648310387985,0.1033807646389082,103.62953692115144,124.40550688360452,86.35794743429287,5.795040962941199
149.43679599499376,3.805501752571921,1.4521804415139328,-0.09377426694916935,124.65581977471841,103.87984981226533
149.68710888610764,0.10422096183756159,86.60826032540676,5.771596144744841,3.8316956170553413,124.9061326658323
149.93742177722154,1.4552958562200373,104.13016270337923,-0.09354995803576702,0.10506939429725873,86.85857321652065
150.18773466833542,125.1564455569462,5.748207326688611,3.858102897866854,104.38047559449312,1.4584426643851764
150.43804755944933,-0.09332687678057776,125.40675844806007,0.10592616563969617,87.10888610763455,5.724874158942044
150.6883604505632,104.63078848560701,3.8847256974089897,125.65707133917397,1.4616213648988639,-0.09310534580386567
150.93867334167712,0.10679138382605999,87.35919899874844,104.8811013767209,125.90738423028786,5.701596212596108
151.188986232791,3.9115661431626254,1.4648324763761906,-0.0928856992241549,0.10766516114369722,126.15769712140175
151.4392991239049,105.1314142678348,87.60951188986233,5.678372975109315,3.9386263899535265,1.4680765396625342
151.68961201501878,126.40801001251565,-0.09266828319478662,105.38172715894869,0.10854761480822106,87.85982478097623
151.93992490613266,5.655203847727377,126.65832290362954,3.965908620822028,1.4713541188636592,105.63204005006259
152.19023779724657,-0.09245345619689209,0.10943886721065842,126.90863579474343,88.11013767209012,5.6320881323789065
152.44055068836045,3.993415057538424,105.88235294117648,1.474665812259035,127.15894868585733,-0.0922415912384168
152.69086357947435,0.11033904850308715,88.36045056320401,5.609025034434422,106.13266583229037,127.40926157697122
152.94117647058823,4.021147956578884,1.4780122483176739,-0.09203307518005542,0.11124829565934738,88.6107634543179
153.19148936170214,127.65957446808511,106.38297872340426,5.586013666486448,4.049109604165512,1.4813940807550696
153.44180225281602,-0.09182830787625573,127.909887359199,0.11216675130886479,106.63329161451816,88.8610763454318
153.69211514392993,5.563053041083731,4.077302321430451,128.1602002503129,1.484811993963462,-0.0916277033167954
153.9424280350438,106.88360450563205,0.1130945650249305,89.11138923654569,128.41051314142678,5.540142067840635
154.1927409261577,4.105728465569943,1.4882667043333242,107.13391739674594,-0.09143168997595086,128.66082603254068
154.4430538172716,0.11403189364079394,89.36170212765958,5.517279540808282,4.1343904402865,107.38423028785984
154.6933667083855,128.91113892365456,1.4917589711457315,-0.09124071303232949,0.11497890376713732,89.61201501877348
154.94367959949938,5.4944641336771,129.16145181476847,107.63454317897373,4.163290698761675,1.495289599767921
155.19399249061328,-0.09105523508433247,0.11593577253922004,129.41176470588235,89.86232790988737,107.88485607008761
155.44430538172716,5.471694411395801,4.192431730971213,1.4988594287145487,129.66207759699626,-0.09087573371210983
155.69461827284107,0.11690268465300144,108.1351689612015,90.11264080100126,5.448968819567921,129.91239048811013
155.94493116395495,4.221816072195448,1.5024693385494712,-0.09070270330832489,108.3854818523154,0.11787983442476326
156.19524405506886,130.16270337922404,90.36295369211514,5.426285681040158,4.251446304670332,1.5061202537193277
156.44555694618273,108.63579474342929,130.41301627033792,-0.0905366555274142,0.11886742622498886,90.61326658322903
156.69586983729664,5.403643185645506,4.281325065768012,130.66332916145183,108.88610763454318,1.5098131514955164
156.94618272841052,-0.09037812129290358,0.11986567650190584,90.86357947434293,130.9136420525657,5.381039375362929
157.19649561952443,109.13642052565707,4.3114550605494975,1.5135490756751608,-0.09022765384753144,131.1639549436796
157.4468085106383,0.1208748168693714,91.11389236545682,109.38673341677097,5.358472159558314,4.341839045623227
157.69712140175218,131.4142678347935,1.5173291190488243,-0.09008582495943579,0.12189509020948106,109.63704630788486
157.9474342928661,91.36420525657071,131.6645807259074,5.335939303658322,4.372479838345617,1.5211544334527207
158.19774718397997,-0.08995322717274955,109.88735919899875,131.91489361702128,0.12292675294441438,91.6145181476846
158.44806007509388,5.313438421889698,4.403380322121228,1.5250262357047244,132.16520650813519,110.13767209011264
158.69837296620776,-0.08983047514159265,0.12397007636251643,91.8648310387985,5.290966965105709,132.41551939924906
158.94868585732166,4.4345434563422135,110.38798498122654,1.5289458188616543,-0.08971820809933613,0.12502534908162047
159.19899874843554,132.66583229036297,92.11514392991239,5.268522226603718,110.63829787234043,4.465972269326816
159.44931163954945,1.5329145440445318,132.91614518147685,-0.08961708817480309,0.12609287534685001,92.36545682102629
159.69962453066333,110.88861076345432,5.246101334133488,133.16645807259076,4.497669864307105,1.5369338471790752
159.94993742177724,-0.08952780189619264,0.12717297652570592,111.13892365456822,133.41677096370464,92.61576971214018
160.20025031289111,5.2237012414204695,4.529639426094159,1.5410052466889252,-0.08945106201547746,133.66708385481854
160.45056320400502,111.38923654568211,0.1282659928001363,92.86608260325407,5.201318706479903,4.56188424118938
160.7008760951189,133.91739674593242,1.545130367342736,111.639549436796,-0.08938761329934589,0.12937228828952152
160.9511889862328,93.11639549436796,134.1677096370463,5.17895030521866,4.594407682060354,111.8898623279099
161.2015018773467,1.5493109211139104,-0.08933822780488353,134.4180225281602,0.13049224704109452,93.36670838548186
161.4518147684606,5.156592421670733,112.14017521902379,4.627213215145746,134.6683354192741,1.5535487165051276
161.70212765957447,-0.08930370711810892,0.13162627506764035,93.61702127659575,112.39048811013768,134.918648310388
161.95244055068838,5.134241238169238,4.660304408787466,1.5578456679250012,-0.0892848845730355,0.13277480238272554
162.20275344180226,135.16896120150187,112.64080100125157,93.86733416770964,5.111892706881251,4.693684958914257
162.45306633291617,1.5622038275527241,135.41927409261578,-0.0892826326955664,112.89111389236547,0.13393828969743043
162.70337922403004,94.11764705882354,5.0895425646821835,135.66958698372966,4.727358673235694,1.5666253648698465
162.95369211514395,113.14142678347936,-0.08929785843867195,0.13511722424816014,135.91989987484357,94.36795994993743
163.20400500625783,5.0671863245998106,4.76132947786641,113.39173967459325,1.5711125744843917,136.17021276595744
163.4543178973717,-0.08933150501787772,0.13631212150044197,94.61827284105132,5.044819264256262,113.64205256570713
163.70463078848562,136.42052565707135,4.795601426756918,1.5756678876430754,-0.08938455462217951,0.13752352761134826
163.9549436795995,94.86858573216522,136.67083854818523,113.89236545682103,5.022436393363711,4.830178729878806
164.2052565707134,1.5802939102533153,-0.08945803759930318,136.92115143929914,0.13875202725594477,114.14267834793492
164.45556946182728,95.11889862327911,5.000032458604328,4.865065747639341,137.17146433041302,1.584993413871253
164.7058823529412,-0.08955303021769812,114.39299123904881,0.13999824190572516,95.369211514393,137.42177722152692
164.95619524405507,4.9776019386290775,4.900266994221965,1.5897693391217327,114.6433041301627,-0.08967065544780804
165.20650813516897,137.6720901126408,0.1412628306307316,95.6195244055069,4.955139020779294,4.935787157157336
165.45682102628285,114.8936170212766,137.9224030037547,1.5946248228105226,-0.08981208923012407,0.1425464956292796
165.70713391739676,95.86983729662079,4.932637588037963,138.1727158948686,115.14392991239049,4.971631107835786
165.95744680851064,1.5995632117122962,-0.08997856368127669,0.14384998510621158,138.4230287859825,96.12015018773468
166.20775969962455,115.39424280350438,4.9100912172364515,5.007803902197782,1.60458806133754,138.67334167709637
166.45807259073842,-0.09017136698188555,0.14517409320298905,115.64455569461828,96.37046307884856,4.887493155283279
166.70838548185233,138.92365456821028,5.044310800959139,1.6097031651381193,-0.09039185026363426,115.89486858573217
166.9586983729662,0.1465196658771056,139.17396745932416,96.62077596996245,4.8648362852644444,5.081157299257203
167.20901126408012,1.6149125990431148,116.14518147684606,139.42428035043807,-0.09064143833327483,0.1478876097497136
167.459324155194,96.87108886107634,4.842113139577226,5.118349113306191,139.67459324155195,116.39549436795996
167.7096370463079,1.620220697163094,-0.09092162368549042,0.14927888757965038,97.12140175219024,139.92490613266582
167.95994993742178,4.819315874441254,116.64580725907385,5.155892202210312,1.625632084132409,-0.09123397417299875
168.2102628285357,140.17521902377973,0.15069452472009914,97.37171464330413,116.89612015018774,4.796436220883687
168.46057571964957,5.193792810085433,140.4255319148936,1.6311517428291553,-0.09158014849616769,0.15213562226930682
168.71088861076348,117.14643304130163,97.62202753441802,140.67584480600752,4.773465494940003,5.2320574563392395
168.96120150187735,1.6367849936227654,-0.09196189168389413,117.39674593241553,140.9261576971214,0.15360335337491646
169.21151439299123,97.87234042553192,4.750394578856835,5.270692951310417,1.6425375170091925,141.1764705882353
169.46182728410514,117.64705882352942,-0.09238104037836878,0.15509896779439086,98.12265331664581,4.727213867836208
169.71214017521902,141.42678347934918,5.309706441167158,117.89737171464331,1.6484154310898977,-0.09283954053516337
169.96245306633293,0.15662380667210687,141.6770963704631,98.3729662077597,4.703913248288291,118.1476846057572
170.2127659574468,5.349105426018849,1.6544253190242013,141.92740926157697,-0.09333945379928119,0.1581793079895039
170.4630788485607,98.6232790988736,118.3979974968711,4.680482086340456,142.17772215269088,5.388897769316615
170.7133917396746,1.6605742405316561,-0.0938829601380709,0.1597670090122654,118.64831038798499,142.42803504380475
170.9637046307885,98.87359198998749,4.656909176827658,5.429091740585656,1.6668698091212404,-0.09447237463663806
171.21401752190238,142.67834793491866,118.89862327909889,0.16138856075903704,99.12390488110138,4.633182729492623
171.46433041301628,5.4696960268916355,142.92866082603254,1.6733202052655245,119.14893617021278,-0.09511015109036008
171.71464330413016,0.16304573092205735,99.37421777221527,143.17897371714645,4.609290318484125,5.51071977572155
171.96495619524407,119.39924906132667,1.6799342568459061,-0.0957988998174395,143.42928660826033,0.1647404187661548
172.21526908635795,99.62453066332917,4.585218829892046,119.64956195244055,5.552172639579434,143.67959949937423
172.46558197747186,1.6867215233642654,-0.09654140630089578,0.16647467069474484,99.87484355444306,119.89987484355444
172.71589486858574,143.9299123904881,4.560954452481074,5.594064783060085,1.6936922987678757,-0.09734063206181826
172.96620775969964,0.16825068135365345,144.18022528160202,120.15018773466834,100.12515644555695,4.536482586755072
173.21652065081352,5.636406960059278,1.7008577724686795,144.4305381727159,-0.09819974860414822,120.40050062578223
173.46683354192743,0.17007082242329336,100.37546933667085,4.511787822430839,144.6808510638298,5.679210532619346
173.7171464330413,1.7082300560646415,120.65081351689612,-0.09912214394553152,0.1719376480851708,144.93116395494368
173.96745932415521,100.62578222778474,4.486853887474095,5.722487513760531,120.90112640801001,1.7158222688559983
174.2177722152691,145.1814768460576,-0.10011144093444062,0.17385391051241314,100.87609511889863,4.461663541260878
174.468085106383,121.15143929912391,145.43178973717147,5.766250657275546,1.723648740988871,-0.10117153907921582
174.71839799749688,0.17582259529761204,101.12640801001253,145.68210262828535,121.4017521902378,4.436198544658133
174.96871088861076,5.810513483115646,1.7317250540170268,-0.10230662366137089,145.93241551939926,0.17784692933263377
175.21902377972467,121.6520650813517,101.37672090112642,4.410439564663911,5.855290357884349,146.18272841051314
175.46933667083854,1.740068227570634,-0.1035212028416147,121.90237797246559,0.179930412891574,101.62703379224031
175.71964956195245,146.43304130162704,4.384366112910588,5.900596546717333,1.748696827947798,122.15269086357948
175.96996245306633,-0.10482013074542021,146.68335419274092,0.18207683901180338,101.8773466833542,4.35795641659691
176.22027534418024,5.946448323293204,122.40300375469337,146.93366708385483,1.7576312468457815,-0.10620866211551715
176.47058823529412,0.18429034005990258,102.12765957446808,4.331187355608486,147.1839799749687,122.65331664580727
176.72090112640802,5.99286302269457,1.7668938124473246,-0.10769247519479205,0.1865754074455426,147.43429286608261
176.9712140175219,102.37797246558198,122.90362953692116,4.304034307068955,6.039859173940732,1.7765091462717724
177.2215269086358,147.6846057571965,-0.10927773871482852,0.1889369497565077,123.15394242803505,102.62828535669587
177.4718397997497,4.276471064260403,147.9349186483104,6.087456568588108,1.7865043205679227,-0.11097114383895056
177.7221526908636,123.40425531914894,0.19138031992428828,148.18523153942428,102.87859824780976,4.248469654156693
177.97246558197747,6.135676416030753,1.79690930946783,123.65456821026284,148.4355444305382,-0.11277998652614492
178.22277847309138,0.19391138678194525,103.12891113892366,4.220000195615845,6.184541464355682,148.68585732165207
178.47309136420526,123.90488110137673,1.807757322733632,-0.11471222930205216,0.1965365887774034,103.37922403003755
178.72340425531917,148.93617021276597,4.191030725259412,124.15519399249062,6.234076149493866,1.8190852485473858
178.97371714643305,-0.11677657985514439,149.18648310387985,0.19926300314757625,103.62953692115144,124.40550688360452
179.22403003754695,4.16152700058622,6.284306764167041,149.43679599499376,1.830934177895745,-0.11898258358553601
179.47434292866083,0.20209842674242876,124.65581977471841,103.87984981226533,149.68710888610764,4.131452273844172
179.72465581977474,6.335261652607563,1.8433500326510883,-0.12134073187495789,124.9061326658323,149.93742177722154
179.97496871088862,0.2050514712921674,104.13016270337923,4.100767031063315,6.386971436208176,1.8563843384969099
180.22528160200253,150.18773466833542,125.1564455569462,-0.1238625900193848,0.2081316774547135,104.38047559449312
180.4755944931164,4.069428736143074,150.43804755944933,6.439469234609717,125.40675844806007,1.8700949825718458
180.72590738423028,-0.12656092338949015,0.21134962675175684,150.6883604505632,104.63078848560701,4.037391464949322
180.9762202753442,125.65707133917397,6.492790984014797,1.8845474338619217,150.93867334167712,-0.12944988914289135
181.22653316645807,0.21471711391315285,104.8811013767209,125.90738423028786,4.004605564177298,151.188986232791
181.47684605757198,6.546975735043774,1.8998158861775167,-0.13254521388976245,0.2182473073033684,126.15769712140175
181.72715894868585,151.4392991239049,105.1314142678348,3.971017228387112,6.60206602386963,1.9159847898241134
181.97747183979976,-0.1358644236073011,151.68961201501878,126.40801001251565,0.2219549578224164,105.38172715894869
182.22778473091364,3.9365680116678563,6.658108302921459,151.93992490613266,1.933150727501233,126.65832290362954
182.47809762202755,-0.1394271167017004,0.22585664873109354,105.63204005006259,152.19023779724657,3.9011942679305873
182.72841051314143,6.715153437484405,126.90863579474343,1.9514247015339867,-0.1432552845516453,152.44055068836045
182.97872340425533,0.22997109193330065,105.88235294117648,3.864826509900456,127.15894868585733,6.773257277356439
183.2290362953692,152.69086357947435,1.970934939241947,-0.1473736909115214,0.23431948126726587,106.13266583229037
183.47934918648312,127.40926157697122,152.94117647058823,3.827388651061269,6.832481338225095,1.991830445251286
183.729662077597,-0.1518103337291455,0.2389259266055592,153.19148936170214,127.65957446808511,106.38297872340426
183.9799749687109,3.788797143475116,6.892893582022848,2.014285341042773,153.44180225281602,-0.15659698624905527
184.23028785982478,127.909887359199,0.24381796765316885,106.63329161451816,3.7489599421838156,153.69211514392993
184.4806007509387,6.954569361724499,2.038504515674846,128.1602002503129,-0.16176986909859195,0.24902721960373025
184.73091364205257,153.9424280350438,106.88360450563205,3.707775301976331,7.017592528699695,128.41051314142678
184.98122653316648,2.064730730408395,154.1927409261577,-0.16737045528285477,0.2545901557341847,107.13391739674594
185.23153942428036,3.6651303247037235,128.66082603254068,154.4430538172716,7.082056784508734,2.0932540566773166
185.48185231539426,-0.17344647986170134,0.2605491025908373,107.38423028785984,154.6933667083855,128.91113892365456
185.73216520650814,3.6208992647854754,7.148067273723448,2.1244238877099852,-0.18005315513334566,154.94367959949938
185.98247809762205,0.2669534545274428,129.16145181476847,107.63454317897373,3.574941463271649,7.215742548491408
186.23279098873593,155.19399249061328,2.1586651666495724,-0.18725470694056837,129.41176470588235,0.2738612362278857
186.4831038798498,107.88485607008761,155.44430538172716,3.52709885775964,7.2852169703453935,2.1965002229901693
186.73341677096371,129.66207759699626,-0.1951262976344949,155.69461827284107,0.28134109461164647,108.1351689612015
186.9837296620776,3.4771929563705766,7.356643674642622,129.91239048811013,155.94493116395495,2.238578587046385
187.2340425531915,-0.20375645501942297,0.28947486472683864,108.3854818523154,3.4250211236251014,156.19524405506886
187.48435544430538,130.16270337922404,7.430198266916327,2.285718487486564,-0.21325016584953582,0.298360918990629
187.7346683354193,156.44555694618273,108.63579474342929,130.41301627033792,3.370351973839187,7.506083500934045
187.98498122653316,2.338966101448718,156.69586983729664,-0.22373287407124232,0.3081186125343553,130.66332916145183
188.23529411764707,108.88610763454318,3.31291963998447,156.94618272841052,7.584535229048717,2.3996812957601388
188.48560700876095,-0.2353556615369929,130.9136420525657,0.3188942210736751,157.19649561952443,109.13642052565707
188.73591989987486,3.252416535938138,7.665830105911171,2.4696657963661948,131.1639549436796,157.4468085106383
188.98623279098874,-0.24830205555045645,0.33086904203896017,109.38673341677097,3.1884841637613888,7.750295679064374
189.23654568210264,157.69712140175218,131.4142678347935,2.551359760404766,-0.26279704748868443,0.34427059519851955
189.48685857321652,109.63704630788486,157.9474342928661,3.1207013014837908,131.6645807259074,7.838323813651729
189.73717146433043,2.6481536144904965,-0.27911913183450376,158.19774718397997,0.35938840167187347,109.88735919899875
189.9874843554443,131.91489361702128,3.0485686804773864,7.9303888836838,158.44806007509388,2.7649034403732253
190.23779724655822,-0.2976165131466177,0.3765966888998678,132.16520650813519,110.13767209011264,158.69837296620776
190.4881101376721,2.9714889415349774,8.02707286980841,2.9088219540163314,-0.31872894152210496,132.41551939924906
190.738423028786,158.94868585732166,0.396387754746044,110.38798498122654,2.8887402326420526,8.129100771331318
190.98873591989988,3.09111066122086,159.19899874843554,132.66583229036297,-0.34301693732165855,0.4194222719442138
191.2390488110138,110.63829787234043,2.799441413394098,159.44931163954945,8.237391768546715,132.91614518147685
191.48936170212767,3.3301643775697687,-0.37119974872657946,0.4466071834318869,159.69962453066333,110.88861076345432
191.73967459324157,2.702506771088245,133.16645807259076,8.353135176256313,3.658450901415026,159.94993742177724
191.98998748435545,-0.40420036420729827,0.4792199501990828,111.13892365456822,133.41677096370464,2.5965898088349935
192.24030037546936,160.20025031289111,8.477906587929887,4.139124628875323,-0.4431832130299997,0.519112845110151
192.49061326658324,133.66708385481854,160.45056320400502,111.38923654568211,2.480023996655721,8.613851134468906
192.74092615769712,4.913307620857561,-0.4895220043842662,160.7008760951189,133.91739674593242,0.5690582264190207
192.99123904881102,111.639549436796,2.3508024436374133,8.76398117568631,160.9511889862328,6.37286326248424
193.2415519399249,134.1677096370463,-0.5444444933037303,0.6333389609588154,111.8898623279099,161.2015018773467
193.4918648310388,2.206782152696863,8.932665883209296,134.4180225281602,10.14910097483212,-0.6072391191098674
193.7421777221527,161.4518147684606,0.7187031466530701,112.14017521902379,2.0470355713754573,134.6683354192741
193.9924906132666,9.126380441647143,161.70212765957447,41.388562108708236,-0.6654823560122244,0.835252325103358
194.24280350438048,112.39048811013768,134.918648310388,161.95244055068838,2.00000000836888,9.186407864057596
194.49311639549438,227272068.87089595,-0.6724629003478607,0.8750008547055305,162.20275344180226,135.16896120150187
194.74342928660826,112.64080100125157,93.86733416770964,2.026179150287653,8.376952887248759,162.45306633291617
194.99374217772217,73.6817897432694,135.41927409261578,-0.6705399762187317,112.89111389236547,0.8525359309148931
195.24405506883605,162.70337922403004,94.11764705882354,2.0000000045484114,135.66958698372966,8.410589527042417
195.49436795994995,418610589.73074466,162.95369211514395,113.14142678347936,-0.673170216732269,0.875000664125662
195.74468085106383,135.91989987484357,94.36795994993743,163.20400500625783,3.910182895553093,5.492677682394444
195.99499374217774,113.39173967459325,1.950811072638909,136.17021276595744,163.4543178973717,-0.1509901438729975
196.24530663329162,0.22891496320189675,94.61827284105132,78.84856070087609,113.64205256570713,163.70463078848562
196.49561952440553,136.42052565707135,3.87189306156349,5.550542220909749,1.9712214643724741,-0.15499805309387885
196.7459324155194,163.9549436795995,94.86858573216522,136.67083854818523,113.89236545682103,0.23346491446150153
196.9962453066333,79.09887359198999,164.2052565707134,3.8325593295552767,5.609578492065824,136.92115143929914
197.2465581977472,1.9930763958033846,114.14267834793492,164.45556946182728,95.11889862327911,-0.15933613972547528
197.4968710888611,0.2382816288212036,137.17146433041302,79.34918648310388,164.7058823529412,3.792094949343001
197.74718397997498,114.39299123904881,5.669856811874399,95.369211514393,137.42177722152692,164.95619524405507
197.99749687108888,2.0165606824076474,-0.16403787092434008,0.24339403533709295,114.6433041301627,79.59949937421777
198.24780976220276,165.20650813516897,137.6720901126408,3.750404222993778,95.6195244055069,5.731455261571532
198.49812265331664,2.041892347649631,165.45682102628285,114.8936170212766,137.9224030037547,-0.16914144303743928
198.74843554443055,0.24883541109441876,79.84981226533166,165.70713391739676,95.86983729662079,3.7073812098217296
198.99874843554443,138.1727158948686,115.14392991239049,5.794460883975317,165.95744680851064,2.0693305566145956
199.24906132665834,-0.17469066173776673,0.2546442409430938,138.4230287859825,96.12015018773468,166.20775969962455
199.4993742177722,115.39424280350438,80.10012515644556,3.6629081951926574,5.8589711120475165,138.67334167709637
199.74968710888612,166.45807259073842,2.0991858374485233,-0.18073601639755174,115.64455569461828,96.37046307884856
200.0,0.26086528084260946,166.70838548185233,138.92365456821028,80.35043804755945,3.6168538450045284
