tau,r,phi,dt/dtau,dr/dtau,dphi/dtau
0.0,30.0,0.0,1.0928571428571427,-0.2964655997782066,0.0047777777777777775
0.2503128911138924,29.9257786073021,0.001198910487788312,1.093050784265498,-0.29656332094255794,0.004801506902629034
0.5006257822277848,29.851532738235157,0.002403783614178697,1.093245522067215,-0.2966611673485358,0.004825421149116843
0.7509386733416772,29.777262361772113,0.0036146657387354226,1.0934413656058029,-0.2967591375537009,0.004849522464924154
1.0012515644555695,29.702967450518315,0.00483159893321066,1.0936383233715286,-0.29685723022692134,0.004873812623821896
1.2515644555694618,29.62864797584067,0.006054628734131593,1.093836404575194,-0.2969554439028412,0.004898293555120322
1.5018773466833544,29.55430390119222,0.007283811938801091,1.094035620687837,-0.29705377677383926,0.004922967657474967
1.7521902377972467,29.479935192870553,0.008519202157027768,1.0942359825398469,-0.2971522271039096,0.004947837200145437
2.002503128911139,29.4055418265338,0.00976084346941482,1.0944374990529495,-0.29725079334148885,0.0049729040717034975
2.2528160200250316,29.331123773559565,0.011008784314220567,1.094640180021692,-0.29734947385066907,0.004998170334807449
2.5031289111389237,29.256681005094734,0.012263074272442236,1.094844035479751,-0.2974482669440609,0.005023638104897388
2.753441802252816,29.18221349398036,0.013523765118103319,1.0950490759442575,-0.29754717076511566,0.005049309615791671
3.0037546933667088,29.107721212327434,0.014790907680194688,1.095255311724009,-0.29764618353017985,0.005075187050296351
3.254067584480601,29.033204133237586,0.016064553939961153,1.0954627533769885,-0.2977453033602318,0.005101272653120917
3.5043804755944934,28.958662229066086,0.01734475499922479,1.0956714112705281,-0.297844528448409,0.005127568621700451
3.7546933667083855,28.88409547526451,0.01863156560816966,1.0958812965628895,-0.29794385668849055,0.0051540773495920384
4.005006257822278,28.809503845144445,0.01992503798915823,1.096092419865068,-0.29804328618069914,0.005180801094840429
4.25531914893617,28.73488731431289,0.02122522703631056,1.0963047923711549,-0.2981428148009394,0.005207742261073138
4.505632040050063,28.660245858096776,0.022532187327318015,1.0965184252050408,-0.2982424404531809,0.0052349032340994
4.755944931163955,28.58557945226961,0.023845973966544955,1.0967333296047388,-0.29834216099824934,0.005262286428012953
5.006257822277847,28.51088807324882,0.02516664281397765,1.0969495169724395,-0.29844197423449,0.005289894297711494
5.25657071339174,28.436171698095755,0.026494250485224264,1.097166998874511,-0.2985418778977671,0.005317729338896692
5.506883604505632,28.36143030450171,0.027828854277102598,1.0973857870263446,-0.298641869664404,0.005345794084899094
5.7571964956195245,28.286663870707397,0.029170511738395986,1.097605893204942,-0.2987419471681412,0.0053740910883628
6.0075093867334175,28.21187237563125,0.030519281353647055,1.0978273293881655,-0.29884210797312166,0.005402622950422122
6.25782227784731,28.13705579883965,0.03187522238454308,1.0980501077224387,-0.29894234958015753,0.0054313923139336865
6.508135168961202,28.062214120534126,0.03323839480163509,1.0982742405088401,-0.29904266942942725,0.005460401860562968
6.758448060075094,27.98734732155134,0.0346088592843378,1.0984997402031036,-0.2991430649004759,0.005489654310784294
7.008760951188987,27.912455383366353,0.03598667717432423,1.0987266194063163,-0.2992435333128639,0.0055191524221527505
7.259073842302879,27.837538288118175,0.03737191010786372,1.098954890791537,-0.29934407193128715,0.0055488989756716355
7.509386733416771,27.762596018572395,0.03876462055327199,1.0991845672110656,-0.29944467795809243,0.005578896795720591
7.759699624530664,27.6876285581276,0.0401648717186529,1.0994156616780295,-0.29954534853456255,0.005609148746634754
8.010012515644556,27.612635890820172,0.041572727482580764,1.0996481873525483,-0.2996460807418816,0.005639657730134527
8.260325406758449,27.53761800132433,0.04298825239410038,1.0998821575417348,-0.2997468716011345,0.005670426685325578
8.51063829787234,27.46257487504058,0.044411511725271316,1.1001175857119563,-0.29984771806640503,0.005701458592234299
8.760951188986233,27.38750649906823,0.04584257204858412,1.1003544856236025,-0.2999486169489223,0.0057327565106594725
9.011264080100126,27.312412860900864,0.04728150046240328,1.1005928711503072,-0.3000495650188116,0.005764323528055911
9.261576971214017,27.237293948552292,0.048728364665742804,1.1008327562964006,-0.3001505589952717,0.005796162764565765
9.51188986232791,27.16214975077354,0.050183233087114046,1.101074155226982,-0.3002515955296482,0.005828277381688094
9.762202753441803,27.086980257052883,0.0516461748845256,1.1013170822679195,-0.30035267120543374,0.005860670582278861
10.012515644555695,27.01178545673112,0.05311725941272846,1.101561551782879,-0.3004537826114384,0.005893345574533016
10.262828535669588,26.936565344480407,0.05459655952256817,1.1018075789348825,-0.3005549258886452,0.005926305795043519
10.51314142678348,26.861319911172423,0.0560841460617614,1.1020551784169752,-0.30065609748549244,0.005959554537015813
10.763454317897372,26.786049150278576,0.057580091729137396,1.1023043653418625,-0.300757293628519,0.005993095210841193
11.013767209011265,26.71075305604954,0.05908446997833144,1.102555154988861,-0.30085851047293466,0.006026931269978907
11.264080100125158,26.635431623533428,0.06059735502874076,1.1028075628064262,-0.3009597441011156,0.006061066211696851
11.514392991239049,26.560084848649815,0.06211882190965143,1.1030616044224177,-0.301060990516414,0.006095503580105388
11.764705882352942,26.48471272951861,0.0636489472500138,1.1033172958282604,-0.30116224553164583,0.006130247020738275
12.015018773466835,26.409315264924736,0.06518780836628302,1.103574653166189,-0.3012635048979755,0.006165300217477876
12.265331664580726,26.333892454222923,0.06673548320599418,1.103833692716063,-0.3013647643129284,0.006200666888637793
12.51564455569462,26.25844429780337,0.06829205062460426,1.1040944309599037,-0.30146601938133044,0.006236350806084398
12.76595744680851,26.182970797119204,0.06985759040196315,1.10435688458571,-0.30156726561302394,0.006272355796358803
13.016270337922403,26.107471954713976,0.07143218325878484,1.1046210704912727,-0.3016684984205839,0.006308685741798825
13.266583229036296,26.03194777424911,0.07301591087311851,1.1048870057879896,-0.3017697131170345,0.0063453445816609505
13.516896120150188,25.95639826053141,0.07460885589681975,1.105154707804681,-0.301870904913565,0.0063823363132423
13.76720901126408,25.880823419558716,0.07621110198096562,1.1054241940935856,-0.30197206891577977,0.0064196649936935956
14.017521902377974,25.805223259287512,0.07782273415570526,1.1056954825227645,-0.3020732000618291,0.0064573347692150895
14.267834793491865,25.729597788883478,0.07944383846528817,1.1059685911869237,-0.30217429318267275,0.006495349846709016
14.518147684605758,25.653947018550188,0.0810745018869274,1.106243538387432,-0.3022753430158014,0.006533714487360569
14.76846057571965,25.57827095985946,0.08271481249597988,1.106520342672391,-0.30237634417856823,0.006572433019248842
15.018773466833542,25.50256962578424,0.08436485948507785,1.106799022841098,-0.30247729116546906,0.0066115098386743225
15.269086357947435,25.426843030731497,0.08602473318326026,1.107079597948511,-0.30257817834542244,0.0066509494114863794
15.519399249061328,25.351091190575122,0.08769452507510409,1.1073620873097114,-0.3026789999590495,0.006690756274410755
15.76971214017522,25.275314122688822,0.08937432781985573,1.1076465105043674,-0.3027797501159542,0.00673093503637706
16.020025031289112,25.199511845973102,0.09106423526635911,1.107932887380225,-0.3028804227923844,0.006771490379600655
16.270337922403005,25.123684380376606,0.09276434210723822,1.1082212379730583,-0.3029810118616084,0.006812427039586413
16.520650813516898,25.047831747386958,0.09447474422473669,1.1085115825867902,-0.30308151106156667,0.0068537498255455635
16.770963704630788,24.97195397031472,0.0961955388889407,1.10880394183943,-0.30318191397591,0.006895463632187406
17.02127659574468,24.89605107407249,0.09792682459586055,1.1090983366256095,-0.30328221404769923,0.006937573430468164
17.271589486858574,24.820123085203818,0.09966870108373714,1.1093947881203934,-0.3033824045769408,0.006980084268753419
17.521902377972467,24.744170031912173,0.10142126934934864,1.1096933177830874,-0.30348247871812356,0.007023001273980556
17.77221526908636,24.668191944089838,0.1031846316643171,1.1099939473610496,-0.30358242947775443,0.007066329652821204
18.022528160200253,24.592188853346862,0.10495889159141507,1.1102966988934981,-0.30368224971189506,0.007110074692843676
18.272841051314142,24.5161607930419,0.1067441540017176,1.1106015947155436,-0.30378193212353444,0.007154241763751275
18.523153942428035,24.44010779891617,0.10854052536043875,1.1109086575327234,-0.30388146920804077,0.0071988363427302575
18.773466833541928,24.364029908694103,0.11034811355244886,1.111217910374748,-0.3039808532875663,0.007243863998492323
19.02377972465582,24.28792716164343,0.11216702768971905,1.111529376544504,-0.3040800765489441,0.0072893303736953794
19.274092615769714,24.21179959897387,0.1139973782923406,1.111843079665085,-0.304179131009395,0.007335241200886034
19.524405506883607,24.13564726387111,0.11583927730709499,1.1121590436841953,-0.3042780085136265,0.007381602303865136
19.774718397997496,24.059470201530868,0.11769283812602377,1.1124772928785522,-0.30437670073093165,0.0074284195990533194
20.02503128911139,23.983268459192868,0.11955817560499869,1.1127978518582906,-0.30447519915228766,0.007475699096856533
20.275344180225282,23.907042086174865,0.12143540608229159,1.1131207455713659,-0.30457349508745496,0.007523446903031586
20.525657071339175,23.830791133906672,0.12332464739714456,1.113445999307957,-0.3046715796620759,0.007571669220051699
20.77596996245307,23.75451565681352,0.12522601928444516,1.113773638792951,-0.3047694437392031,0.007620372379426421
21.02628285356696,23.678215711955517,0.1271396432185759,1.1141036901494275,-0.3048670779515045,0.007669562828687237
21.27659574468085,23.601891358077008,0.1290656419959798,1.114436179800954,-0.3049644727859685,0.007719247096868896
21.526908635794744,23.525542656295002,0.13100414004350946,1.114771134543855,-0.3050616185227778,0.007769431819724456
21.777221526908637,23.449169670141192,0.13295526344053407,1.1151085815524402,-0.30515850523169735,0.007820123741381949
22.02753441802253,23.37277246560394,0.13491913994104662,1.1154485483842393,-0.30525512276846234,0.007871329716001029
22.277847309136423,23.296351111170278,0.13689589899577115,1.1157910629852326,-0.3053514607711666,0.007923056709429636
22.528160200250316,23.21990567786793,0.13888567177426966,1.116136153695082,-0.30544750865665055,0.007975311800860646
22.778473091364205,23.14343623930729,0.1408885911870495,1.1164838492523643,-0.3055432556168894,0.00802810218448853
23.028785982478098,23.066942872885456,0.14290479246715532,1.116834178938307,-0.30563869050215836,0.008081435219925501
23.27909887359199,22.99042565800374,0.14493441231382592,1.1171871723645523,-0.3057338019951927,0.008135318357300626
23.529411764705884,22.91388467777175,0.14697758971485964,1.1175428596765007,-0.3058285784456276,0.00818975920865954
23.779724655819777,22.83732001745176,0.14903446519948785,1.1179012713681113,-0.30592300802205596,0.008244765482581854
24.03003754693367,22.76073176525687,0.1511051812245693,1.1182624383772668,-0.3060170786347363,0.008300345017568269
24.28035043804756,22.68412001239626,0.15318988219824897,1.1186263920913897,-0.3061107779316668,0.008356505783832457
24.530663329161452,22.607484853121328,0.15528871450406836,1.1189931643531694,-0.30620409329456816,0.008413255885132299
24.780976220275345,22.5308263847728,0.15740182652552676,1.119362787466402,-0.30629701183477487,0.008470603560640408
25.03128911138924,22.454144707828778,0.15952936867109388,1.1197352942019412,-0.3063895203890356,0.008528557186854021
25.28160200250313,22.37743992684918,0.161671493796086,1.120110717899998,-0.30648160543180963,0.008587125314341174
25.53191489361702,22.300712150705884,0.16382835730835127,1.1204890924956823,-0.30657325305409905,0.00864631667673146
25.782227784730914,22.22396149066918,0.16600011632506073,1.12087045231418,-0.30666444914194957,0.008706140116412683
26.032540675844807,22.147188061530994,0.1681869301738202,1.1212548321922962,-0.30675517927208534,0.008766604628231523
26.2828535669587,22.07039198169305,0.17038896043562002,1.1216422674887723,-0.30684542870395254,0.00882771936297649
26.533166458072593,21.99357337324105,0.17260637098165318,1.1220327940931152,-0.3069351823730578,0.00888949363032239
26.783479349186486,21.916732362020696,0.1748393280109565,1.1224264484346296,-0.30702442488413595,0.008951936901846723
27.033792240300375,21.83986907771543,0.17708800008887468,1.1228232674916523,-0.3071131405041492,0.00901505881411806
27.284105131414268,21.762983653925996,0.17935255818634718,1.1232232888009874,-0.307201313155116,0.00907886917185635
27.53441802252816,21.686076228251743,0.1816331757200181,1.1236265504675451,-0.3072889264067713,0.009143377951165172
27.784730913642054,21.609146942449318,0.18393002862468466,1.1240330911818093,-0.3073759634618431,0.009208595305761551
28.035043804755947,21.532195943580202,0.18624329583813698,1.1244429503371438,-0.3074624070469629,0.009274531611483342
28.28535669586984,21.455223382678998,0.18857315875234756,1.1248561678968698,-0.30754823954017063,0.009341197414839056
28.53566958698373,21.378229414956717,0.19091980130475616,1.1252727844163042,-0.3076334429519367,0.009408603440972921
28.785982478097623,21.301214200194288,0.1932834101489666,1.125692841084023,-0.30771799888802803,0.009476760608997246
29.036295369211516,21.224177902847945,0.1956641747053755,1.1261163797340628,-0.30780188853987334,0.009545680036174526
29.28660826032541,21.1471206921569,0.1980622872128577,1.1265434428583787,-0.307885092674705,0.009615373042193167
29.5369211514393,21.070042742253417,0.2004779427815073,1.126974073619563,-0.3079675916254784,0.0096858511535368
29.787234042553195,20.99294423227516,0.20291133944643533,1.1274083158638208,-0.3080493652805684,0.009757126107947206
30.037546933667084,20.91582534647992,0.20536267822262322,1.1278462141342034,-0.30813039307324297,0.009829209858980843
30.287859824780977,20.83868627436265,0.20783216316083267,1.128287813684102,-0.30821065397091313,0.009902114580658976
30.53817271589487,20.761527210608545,0.21032000131797907,1.1287331604676827,-0.3082901264742208,0.009975852666095228
30.788485607008763,20.684348355049234,0.2128264027289925,1.1291823011306952,-0.30836878861585243,0.010050436726247218
31.038798498122656,20.60714991334872,0.2153515807584098,1.1296352831035044,-0.3084466179151395,0.01012587961550825
31.28911138923655,20.529932096864876,0.2178957520225992,1.130092154578483,-0.30852359138243857,0.010202194426991057
31.53942428035044,20.452695122760367,0.22045913644169107,1.130552964522302,-0.3085996855083429,0.010279394496991905
31.78973717146433,20.375439214128747,0.22304195729922843,1.1310177626902755,-0.30867487625189716,0.01035749341001897
32.040050062578224,20.29816460012266,0.2256444413027672,1.1314865996409342,-0.30874913902860174,0.010436505003906797
32.29036295369212,20.220871516084195,0.22826681864542614,1.1319595267508293,-0.3088224486982062,0.010516443375016848
32.54067584480601,20.143560203677342,0.23090932306838632,1.132436596229565,-0.30889477955229233,0.010597322883524114
32.7909887359199,20.066230911022608,0.23357219192434048,1.1329178611350628,-0.30896610530164703,0.010679158158789831
33.041301627033796,19.98888389285761,0.23625566625017463,1.1334033753911048,-0.30903639906111163,0.010761964105754336
33.29161451814769,19.911519411409465,0.2389599910869096,1.1338931938661483,-0.30910563326546153,0.010845755939192753
33.541927409261575,19.834137735716023,0.24168541526147178,1.1343873723187683,-0.3091737797355755,0.010930549157259387
33.79224030037547,19.756739141647593,0.24443219141180006,1.1348859674033973,-0.30924080967673084,0.0110163595424524
34.04255319148936,19.67932391233291,0.24720057615247337,1.1353890367108812,-0.3093066936377238,0.011103203178404296
34.292866082603254,19.601892338315988,0.2499908301471382,1.135896638785933,-0.30937140149606385,0.01119109645614102
34.54317897371715,19.52444471771548,0.25280321818202295,1.1364088331448507,-0.3094349024429182,0.01128005608044266
34.79349186483104,19.446981356386587,0.2556380092405401,1.1369256802934995,-0.3094971649678074,0.011370099076305736
35.04380475594493,19.369502568085498,0.25849547657897526,1.1374472417455574,-0.30955815684305227,0.011461242795507129
35.294117647058826,19.292008674636325,0.2613758978032637,1.137973580041025,-0.3096178451079717,0.011553504923269587
35.54443053817272,19.214500006100614,0.26427955494685457,1.138504758764998,-0.30967619605283125,0.01164690348502886
35.79474342928661,19.136976901442548,0.26720673473778417,1.139040842607201,-0.30973317515261806,0.011741456871339054
36.045056320400505,19.059439709753057,0.2701577290790584,1.139581897467464,-0.3097887469442451,0.011837183883226736
36.2953692115144,18.98188878797066,0.27313283419288514,1.1401279902736148,-0.3098428752583932,0.011934103649436307
36.545682102628284,18.904324502055346,0.2761323510821395,1.1406791890829437,-0.3098955231018153,0.01203223566996511
36.79599499374218,18.82674722730061,0.2791565856632202,1.141235563112965,-0.30994665262688864,0.012131599828089838
37.04630788485607,18.749157348538194,0.28220584885809197,1.141797182763419,-0.3099962251120386,0.012232216398477233
37.29662077596996,18.67155526034615,0.285280456687732,1.14236411963861,-0.3100442009418293,0.0123341060554267
37.546933667083856,18.593941367260296,0.2883807303669787,1.1429364465700742,-0.3100905395867214,0.012437289881244736
37.79724655819775,18.516316083988997,0.2915069964007831,1.1435142376395773,-0.31013519958249774,0.012541789374751207
38.04755944931164,18.438679835631312,0.294659586681863,1.1440975682024477,-0.31017813850935577,0.012647626459917493
38.297872340425535,18.361033057912508,0.29783883859577276,1.144686514912599,-0.31021931296909966,0.012754823495241513
38.54818523153943,18.283376198932558,0.3010450957754593,1.1452811558944722,-0.3102586783929683,0.012863403348471915
38.79849812265332,18.205709718086,0.3042787076414492,1.1458815706403187,-0.3102961891662244,0.012973389349119794
39.048811013767214,18.12803408547716,0.30754002915466316,1.1464878399555922,-0.3103317986973194,0.01308480526235805
39.29912390488111,18.050349782960158,0.3108294212667015,1.1471000460621124,-0.3103654593051801,0.013197675333098555
39.54943679599499,17.972657304398574,0.3141472510350937,1.1477182726254622,-0.3103971221939115,0.01331202429634508
39.799749687108886,17.894957155929344,0.31749389174033904,1.1483426047828058,-0.3104267374270653,0.013427877387717058
40.05006257822278,17.817249856230966,0.320869723004735,1.1489731291711254,-0.31045425390147546,0.013545260354144082
40.30037546933667,17.7395359367959,0.32427513091299753,1.149609933955876,-0.3104796193206598,0.013664199464731262
40.550688360450565,17.661815942207284,0.32771050813466984,1.1502531088600618,-0.31050278016778776,0.013784721521795336
40.80100125156446,17.584090430419856,0.3311762540483214,1.150902745193729,-0.3105236816782152,0.013906853872071594
41.05131414267835,17.50635997361754,0.3346727750829881,1.1515589359274407,-0.3105422677545011,0.014030624438675669
41.30162703379224,17.42862516070775,0.3382004856759021,1.1522217758904056,-0.3105584807181797,0.014156061811945023
41.55193992490614,17.350886593456657,0.34175980683673446,1.1528913614847582,-0.3105722616957261,0.014283195111608128
41.80225281602003,17.273144888169412,0.3453511667992601,1.1535677908219235,-0.3105835504515014,0.014412054048384368
42.05256570713392,17.195400676338952,0.3489750012849687,1.154251163780585,-0.31059228532355243,0.01454266894850926
42.30287859824781,17.11765460498579,0.35263175365053334,1.154941582041228,-0.3105984031902249,0.014675070767163345
42.5531914893617,17.03990733700341,0.35632187503758744,1.1556391491212086,-0.3106018394362045,0.014809291102121426
42.803504380475594,16.962159551509323,0.3600458245248096,1.1563439704103426,-0.31060252791798776,0.014945362207622132
43.05381727158949,16.88441194420174,0.3638040692823178,1.1570561532070245,-0.31060040092878144,0.015083317008457834
43.30413016270338,16.806665227721897,0.367597084728371,1.1577758067548658,-0.31059538916283125,0.015223189114284906
43.55444305381727,16.72892013202201,0.37142535468839477,1.1585030422798628,-0.3105874216791752,0.015365012834155685
43.804755944931166,16.651177406558695,0.3752893722453433,1.159237973155776,-0.3105764256843172,0.015508823254652523
44.05506883604506,16.573437820065912,0.37918963967377867,1.1599807148998045,-0.3105623265549787,0.01565465623374359
44.30538172715895,16.495702158908397,0.383126667836632,1.1607313850687802,-0.3105450480016483,0.01580254834522044
44.555694618272845,16.417971228803662,0.3871009768576127,1.1614901033918588,-0.310524511897976,0.015952536940486622
44.80600750938674,16.34024585528164,0.39111309631580743,1.1622569918147618,-0.3105006382353759,0.016104660166402014
45.05632040050063,16.262526884153292,0.3951635654438586,1.1630321745447771,-0.31047334507672486,0.016258956983464343
45.30663329161452,16.184815181988228,0.399252933329721,1.1638157780965195,-0.3104425485091576,0.016415467184327945
45.55694618272841,16.107111636601285,0.4033817591219987,1.1646079313384494,-0.31040816259595744,0.016574231412659735
45.8072590738423,16.029417157570055,0.40755061225757716,1.165408765532271,-0.3103700993234021,0.016735291180898677
46.057571964956196,15.951732676761207,0.4117600726926997,1.1662184143731436,-0.3103282685467359,0.01689868888836299
46.30788485607009,15.874059148778265,0.4160107310628453,1.1670370140621484,-0.31028257795178205,0.017064467845421746
46.55819774718398,15.79639755151504,0.4203031889287478,1.1678647033447407,-0.3102329329973846,0.017232672291680164
46.808510638297875,15.718748886689681,0.42463805900176066,1.1687016235601697,-0.3101792368623077,0.017403347416358152
47.05882352941177,15.641114180386523,0.4290159653717943,1.1695479186920805,-0.31012139039145403,0.01757653937908316
47.30913642052566,15.563494483607021,0.4334375437388893,1.1704037354198515,-0.3100592920411665,0.017752295331015838
47.559449311639554,15.485890872829708,0.4379034416484261,1.171269223170669,-0.30999283782361337,0.01793066343630857
47.80976220275345,15.408304451135526,0.4424143189206258,1.172144534198676,-0.30992192120464473,0.018111692908797425
48.06007509386734,15.330736350823779,0.44697084859145625,1.173029823735014,-0.30984643287925406,0.01829543408871155
48.310387984981226,15.253187730456338,0.45157371594450013,1.1739252498743384,-0.3097662610037103,0.01848193837023076
48.56070087609512,15.175659776637197,0.4562236191662775,1.1748309736858673,-0.30968129103924885,0.018671258255972434
48.81101376720901,15.098153704918055,0.4609212697025552,1.1757471592833535,-0.3095914056672518,0.0188634473881579
49.061326658322905,15.020670760476264,0.4656673925371886,1.176673973884583,-0.30949648472291497,0.019058560573772892
49.3116395494368,14.943212218805124,0.4704627264757165,1.1776115878717672,-0.3093964051277307,0.019256653810148204
49.56195244055069,14.865779386416492,0.4753080244337119,1.1785601748528214,-0.3092910408207871,0.019457784310960603
49.812265331664584,14.788373601718321,0.4802040537854117,1.1795199117240602,-0.3091802626761326,0.019662010534778136
50.06257822277848,14.710996237529512,0.48515159727193774,1.1804909787390165,-0.30906393829155343,0.019869392235250697
50.31289111389237,14.633648699534545,0.4901514525237376,1.1814735595650303,-0.30894193209546633,0.02007999045852641
50.56320400500626,14.556332427323634,0.49520443246637585,1.1824678413490177,-0.3088141052508804,0.02029386757469864
50.813516896120156,14.479048895591038,0.5003113657808802,1.1834740147846,-0.3086803155467401,0.020511087311578365
51.06382978723404,14.401799614958366,0.5054730972365874,1.1844922741788744,-0.30854041731845283,0.02073171478382741
51.314142678347935,14.324586132812602,0.510690488029572,1.1855228175200834,-0.30839426136704223,0.020955816522543635
51.56445556946183,14.247410034158912,0.5159644161266562,1.1865658465461806,-0.3082416948769273,0.021183460505297933
51.81476846057572,14.170272942520144,0.5212957766260189,1.1876215668135612,-0.3080825613306036,0.02141471618671909
52.065081351689614,14.093176522610154,0.526685482729354,1.188690187726258,-0.3079167003271184,0.021649654534804
52.31539424280351,14.016122479710985,0.5321344655790716,1.189771922642134,-0.30774394757766205,0.02188834805775413
52.5657071339174,13.939112559917051,0.5376436743946668,1.190866988960384,-0.30756413485384027,0.022130870833818834
52.81602002503129,13.862148551835686,0.5432140771112834,1.1919756081767987,-0.3073770898568536,0.022377298545912416
53.066332916145186,13.785232287578506,0.5488466607744834,1.1930980059565683,-0.30718263612433017,0.02262770851451286
53.31664580725908,13.70836564377016,0.5545424319415009,1.1942344122079198,-0.30698059293564234,0.02288217973102029
53.56695869837297,13.63155054257444,0.5603024170889844,1.1953850611565944,-0.3067707752157078,0.02314079289157527
53.817271589486865,13.55478895273775,0.5661276630272264,1.1965501914211618,-0.3065529934372746,0.02340363043133684
54.06758448060075,13.478082892401064,0.5720192377715316,1.1977300459534383,-0.3063270534777038,0.02367077652703179
54.31789737171464,13.401434430071728,0.57797823094204,1.1989248721237238,-0.3060927565208954,0.023942317134107972
54.568210262828536,13.324845683058706,0.5840057535127512,1.200134922004841,-0.30584989902185544,0.024218340071294725
54.81852315394243,13.248318820151052,0.5901029386545944,1.2013604523294528,-0.3055982725635927,0.024498935027942852
55.06883604505632,13.171856062820966,0.5962709422008123,1.2026017245639244,-0.3053376637499978,0.02478419359926441
55.319148936170215,13.09545968644388,0.6025109431187355,1.2038590049830538,-0.3050678540972169,0.025074209322039107
55.56946182728411,13.01913202153954,0.6088241439889815,1.2051325647453546,-0.3047886199234166,0.025369077710713575
55.819774718398,12.942875455034113,0.6152117714920781,1.2064226799688964,-0.3044997322369434,0.025668896293893427
56.070087609511894,12.866692426585923,0.6216750751328656,1.2077296316474817,-0.3042009570169346,0.025973764547796527
56.32040050062579,12.79058545767975,0.6282153368649082,1.2090537053375736,-0.3038920535446866,0.026283784039641607
56.57071339173968,12.71455710324856,0.6348338553948168,1.2103951921143516,-0.30357277697351065,0.026599058342092356
56.821026282853566,12.638609992054102,0.641531959569179,1.2117543881930541,-0.3032428759819263,0.026919693253871165
57.07133917396746,12.56274681602484,0.6483110048573705,1.2131315950278265,-0.3029020934018727,0.027245796737641402
57.32165206508135,12.486970331822041,0.6551723739343601,1.214527119377457,-0.3025501660928426,0.02757747895551367
57.571964956195245,12.41128336240588,0.6621174772635164,1.2159412733711126,-0.3021868248160163,0.02791485230455217
57.82227784730914,12.33568879860153,0.6691477536794139,1.2173743745740748,-0.30181179410839554,0.028258031452280973
58.07259073842303,12.260189600916469,0.6762646709752225,1.2188267459291924,-0.30142479220466606,0.028607133327594965
58.322903629536924,12.184788802486104,0.6834697265106853,1.2202987151401394,-0.30102553117341924,0.02896227691138116
58.57321652065082,12.109489508880998,0.6907644477628312,1.2217906156072973,-0.30061371645712914,0.029323583584248632
58.82352941176471,12.034294900108774,0.6981503929167331,1.223302786277895,-0.30018904682908043,0.029691177084675544
59.0738423028786,11.959208232387956,0.7056291514521045,1.2248355716089612,-0.2997512143069736,0.03006518350763488
59.324155193992496,11.884232839887657,0.7132023447087411,1.2263893215595658,-0.29929990406159923,0.030445731312678352
59.57446808510639,11.809372136917638,0.7208716263843417,1.2279643914059706,-0.2988347944168477,0.030832951264596193
59.824780976220275,11.734629618781456,0.7286386832330535,1.2295611420824495,-0.29835555657859875,0.031226976574218187
60.07509386733417,11.66000886360506,0.7365052356175641,1.231179940138565,-0.297861854561429,0.031627942893185365
60.32540675844806,11.585513534034648,0.744473038080822,1.2328211577478563,-0.2973533450888028,0.03203598832829598
60.575719649561954,11.511147379544658,0.7525438800081764,1.2344851724895844,-0.2968296775622805,0.032451253375680306
60.82603254067585,11.436914240757881,0.7607195865355231,1.2361723663783848,-0.29629049427400206,0.03287388058739428
61.07634543178974,11.362818047328693,0.7690020186704575,1.2378831272999298,-0.29573542984091206,0.03330401509402545
61.32665832290363,11.288862820714709,0.7773930740111004,1.2396178486193752,-0.2951641112300243,0.03374180447721053
61.576971214017526,11.215052676166218,0.7858946873692896,1.2413769290821781,-0.2945761576891139,0.0341873987461735
61.82728410513142,11.141391825235905,0.7945088313540022,1.2431607724494227,-0.29397118079288825,0.03464095021564244
62.07759699624531,11.067884580136191,0.8032375169303588,1.2449697862705493,-0.2933487848398493,0.035102613066789384
62.327909887359205,10.994535351639128,0.8120827940639677,1.2468043836708456,-0.2927085660234922,0.03557254401600073
62.5782227784731,10.92134865207267,0.8210467522979169,1.2486649827596155,-0.2920501125708272,0.036050902109321506
62.828535669586984,10.848329097386028,0.8301315213420689,1.2505520064729605,-0.2913730047042083,0.036537848676605415
63.07884856070088,10.77548140966294,0.8393392714482228,1.2524658819204924,-0.2906768148285354,0.03703354709873341
63.32916145181477,10.702810420889934,0.8486722133715333,1.2544070385987949,-0.2899611082243835,0.03753816214954122
63.57947434292866,10.630321071838488,0.8581325999427738,1.256375911017036,-0.2892254417713806,0.038051860993553815
63.829787234042556,10.5580184149515,0.8677227263204552,1.2583729377066648,-0.2884693642858685,0.03857481282672623
64.08010012515645,10.485907616418332,0.8774449305104689,1.2603985609638624,-0.28769241653143185,0.03910718879217624
64.33041301627034,10.413993958279299,0.8873015933016125,1.262453225780919,-0.28689413164221317,0.03964916158407553
64.58072590738423,10.342282840770805,0.8972951372852747,1.2645373774178854,-0.2860740362270817,0.04020090453039704
64.83103879849813,10.270779783595941,0.9074280299645856,1.266651465045744,-0.28523164843361665,0.040762593002701644
65.08135168961202,10.199490428109526,0.9177027833834251,1.2687959402227067,-0.28436647859929354,0.041334403845610344
65.33166458072591,10.128420539301528,0.9281219545226966,1.2709712565096496,-0.2834780293322709,0.041916515242875645
65.5819774718398,10.057576007219247,0.9386881445185543,1.273177867797319,-0.28256579626996714,0.042509106085024756
65.8322903629537,9.98696284782259,0.9494039965333161,1.2754162251205172,-0.2816292696298687,0.04311235475215045
66.08260325406759,9.916587206881207,0.9602722008557595,1.277686781590794,-0.2806679315094073,0.043726441034883705
66.33291614518149,9.846455361181471,0.9712954936079038,1.2799899901493015,-0.27968125694527135,0.04435154528002442
66.58322903629538,9.776573720369738,0.9824766569640077,1.2823263030178524,-0.2786687140835221,0.04498784819260592
66.83354192740927,9.706948827025002,0.9938185172176113,1.2846961691800143,-0.2776297654138398,0.04563552987364205
67.08385481852315,9.637587355445225,1.0053239412367725,1.2871000303661424,-0.2765638698100646,0.046294768277583574
67.33416770963704,9.568496119451488,1.016995844218849,1.2895383275265329,-0.27547047891821497,0.04696574173789453
67.58448060075094,9.499682071890012,1.0288371870424804,1.2920114976488088,-0.27434903874843647,0.04764862774736099
67.83479349186483,9.43115230621906,1.0408509762320475,1.2945199730001755,-0.2731989899600782,0.04834360267895481
68.08510638297872,9.362914054417717,1.053040260288675,1.2970641774610827,-0.272019769727508,0.04905084038217
68.33541927409262,9.294974683420339,1.0654081245502198,1.2996445216724926,-0.2708108142504077,0.049770510320591856
68.58573216520651,9.22734170779759,1.0779577022617233,1.302261411257095,-0.26957155416195305,0.05050278076503797
68.8360450563204,9.160022786823083,1.0906921700661818,1.304915242475309,-0.2683014167627522,0.051247817127849656
69.0863579474343,9.09302572567101,1.10361474761711,1.3076064012055648,-0.2669998264489456,0.05200578158265139
69.33667083854819,9.026358470067922,1.116728691396262,1.3103352577879224,-0.26566620736646507,0.05277683110054086
69.58698372966208,8.960029100264645,1.1300372879271752,1.313102161434493,-0.2642999862985008,0.0535611153203823
69.83729662077597,8.894045849550432,1.143543868798797,1.3159074502777177,-0.2629005871343804,0.054358780407792316
70.08760951188987,8.828417098038768,1.1572518037136377,1.3187514456622014,-0.2614674338208763,0.055169966880019336
70.33792240300376,8.763151373304142,1.1711644996242023,1.321634450801856,-0.2599999509634669,0.055994809102565136
70.58823529411765,8.698257342476175,1.1852853929026406,1.3245567449376878,-0.2584975667619856,0.056833433093414154
70.83854818523155,8.633743803240431,1.1996179406166063,1.3275185769164985,-0.25695971624708136,0.057685954109316415
71.08886107634544,8.569619703046403,1.214165634864182,1.3305201737095524,-0.2553858367560204,0.05855247985489082
71.33917396745933,8.5058941313949,1.228931995101505,1.333561734672715,-0.25377537081516893,0.05943310832537525
71.58948685857322,8.442576315235295,1.2439205626984382,1.3366434277814943,-0.2521277680016108,0.060327926425639014
71.83979974968712,8.37967561396732,1.2591348951276933,1.3397653857017486,-0.25044248689081794,0.06123700853188842
72.09011264080101,8.317201527874525,1.2745785721523943,1.3429277079124893,-0.24871899384429108,0.06216041722426007
72.3404255319149,8.255163693770712,1.2902551905910629,1.3461304570670567,-0.24695676480556597,0.06309820195271756
72.5907384230288,8.193571874680096,1.3061683551473313,1.349373653159804,-0.24515528795988878,0.0640503969326604
72.84105131414267,8.132435948183687,1.322321668258537,1.3526572671662855,-0.24331406662622632,0.06501701885422666
73.09136420525657,8.071765925492592,1.338718742837129,1.3559812269152343,-0.24143261668441324,0.06599806892399906
73.34167709637046,8.011571941341717,1.3553631932720636,1.359345411344702,-0.2395104691919704,0.06699353079247274
73.59198998748435,7.95186424189005,1.3722586246338973,1.3627496445917895,-0.2375471730997238,0.06800336848137718
73.84230287859825,7.892653171207013,1.3894086207753813,1.366193689622434,-0.2355422981769278,0.06902752415773905
74.09261576971214,7.8339491901199585,1.406816757567307,1.3696772526778571,-0.2334954330232251,0.07006591954545373
74.34292866082603,7.775762864405895,1.4244865923236811,1.3731999774743693,-0.23140618773485536,0.07111845389103816
74.59324155193993,7.7181048508634005,1.4424216510302286,1.3767614389584886,-0.22927419641683539,0.07218500188017157
74.84355444305382,7.660985881764677,1.4606254142171193,1.3803611365674353,-0.22709911985664266,0.0732654114057023
75.09386733416771,7.604416783612012,1.4791013313034265,1.3839984980795752,-0.2248806445700099,0.07435950456373086
75.3441802252816,7.548408463477239,1.4978528080363556,1.387672873457568,-0.22261848527500375,0.07546707559922412
75.5944931163955,7.4929718918041255,1.5168831916595862,1.3913835288941443,-0.22031238707259704,0.07658788904554564
75.84480600750939,7.438118083112787,1.5361957544672087,1.395129640457226,-0.21796212772173948,0.07772167776707194
76.09511889862328,7.383858117551416,1.555793709034042,1.3989102960106479,-0.21556751782965192,0.07886814308196717
76.34543178973718,7.330203123942112,1.575680193585301,1.4027244893336483,-0.21312840300739488,0.08002695292403662
76.59574468085107,7.277164261239099,1.5958582555980627,1.4065711150667608,-0.2106446652802803,0.08119774045950602
76.84605757196496,7.224752697844123,1.6163308336313305,1.4104489634580604,-0.20811622443890246,0.08238010270410809
77.09637046307886,7.172979630939902,1.6371007720020163,1.4143567193420068,-0.20554304013632854,0.08357359936970328
77.34668335419275,7.121856268190746,1.6581708045727444,1.418292957137969,-0.20292511328360363,0.08477775149504742
77.59699624530664,7.071393808262168,1.6795435373607113,1.4222561376159557,-0.20026248633621424,0.08599204086592338
77.84730913642053,7.02160341918071,1.7012214293282102,1.426244604845943,-0.1975552433035711,0.08721590959625256
78.09762202753443,6.972496254787281,1.723206805152609,1.4302565807380399,-0.1948035141675091,0.08844875721872883
78.34793491864832,6.924083435453717,1.7455018379953535,1.4342901618427686,-0.1920074751645438,0.08968994011185102
78.59824780976221,6.876376029081353,1.768108532119716,1.4383433190070813,-0.189167347578208,0.09093877207218856
78.84856070087609,6.82938503023909,1.7910287038568973,1.4424138978128214,-0.18628339596381785,0.09219452527748898
79.09887359198999,6.7831213708833,1.814263990415918,1.446499607161138,-0.18335593525114602,0.09345642519349921
79.34918648310388,6.737595901520693,1.837815832634843,1.4505980189509577,-0.18038532953837103,0.09472365114879072
79.59949937421777,6.6928193743110524,1.861685458909421,1.45470657177097,-0.1773719891439291,0.0959953383830867
79.84981226533166,6.648802424954082,1.8858738679191787,1.4588225762096632,-0.17431636675616521,0.09727058078089251
80.10012515644556,6.605555574947015,1.9103818311557397,1.4629431961240424,-0.1712189672186205,0.09854842331748452
80.35043804755945,6.5630892148228455,1.9352098769625823,1.4670654523547861,-0.16808034458425866,0.09982786411006796
80.60075093867334,6.5214135911148645,1.9603582773728367,1.471186231506684,-0.1649010973839132,0.1011078581755581
80.85106382978724,6.4805387931336815,1.9858270345515356,1.4753022973986074,-0.16168186266189516,0.10238732221145694
81.10137672090113,6.440474744282117,2.011615874522074,1.4794102641750304,-0.15842332796711048,0.10366512457752557
81.35168961201502,6.401231189143276,2.0377242341077784,1.48350660512797,-0.15512622661948375,0.10494008906220345
81.60200250312892,6.362817684829383,2.064151250975121,1.4875876615220163,-0.1517913337327121,0.10621099838701177
81.85231539424281,6.325243597112359,2.090895755711203,1.4916496653562459,-0.14841945685350955,0.1074766026935367
82.1026282853567,6.288518083421583,2.1179562596169497,1.4956887246006894,-0.1450114412152711,0.10873561452706802
82.3529411764706,6.252650076196678,2.145330947485749,1.4997008168605066,-0.14156817195476315,0.10998670656983292
82.60325406758449,6.217648277969362,2.1730176668066936,1.5036818026742091,-0.13809056846337958,0.11122851683258912
82.85356695869838,6.183521165435143,2.201013921508283,1.5076274423416396,-0.1345795788938489,0.11245965467328402
83.10387984981227,6.150276974754524,2.2293168620053847,1.5115333943701035,-0.13103618007863452,0.11367870050960416
83.35419274092617,6.1179236943695,2.2579232815437504,1.5153952247224725,-0.12746137413624506,0.11488420898878172
83.60450563204006,6.0864690587170305,2.2868296081949384,1.5192084142750908,-0.12385618563581025,0.116074711794768
83.85481852315395,6.055920543139023,2.3160319000772995,1.5229683696054923,-0.12022165871503908,0.11724872132507345
84.10513141426785,6.0262853583445795,2.345525841158416,1.5266704336018944,-0.11655885389109497,0.11840473430902042
84.35544430538174,5.997570446861516,2.3753067362792395,1.5303098940955824,-0.11286884506885983,0.11954123483178551
84.60575719649562,5.969782484480857,2.405369511862544,1.5338819985401182,-0.109152715849638,0.12065669903105164
84.85607008760951,5.942927872110824,2.435708709455863,1.5373819622056304,-0.10541155689152312,0.12174959802122286
85.1063829787234,5.917012739245708,2.466318490888056,1.5408049857272077,-0.10164646240890243,0.12281840324569024
85.3566958698373,5.892042938967734,2.4971926327031144,1.5441462640504602,-0.09785852717245755,0.12386158963144929
85.60700876095119,5.868024052967655,2.528324533681705,1.5474010042158317,-0.09404884355232222,0.12487764086806581
85.85732165206508,5.8449613879414475,2.5597072115534143,1.550564436463046,-0.09021849833719045,0.12586505313551818
86.10763454317897,5.822859981388887,2.591333312507185,1.5536318318939137,-0.08636857039103939,0.12682234022775543
86.35794743429287,5.801724600543008,2.6231951109173215,1.5565985154830404,-0.0825001275002788,0.12774803772843885
86.60826032540676,5.7815597480769565,2.6552845198129256,1.5594598829106947,-0.0786142245447007,0.1286407078338327
86.85857321652065,5.76236966380849,2.6875930946835145,1.5622114153793751,-0.07471190073160461,0.12949894388219615
87.10888610763455,5.7441583298452885,2.7201120441035016,1.5648486954905672,-0.07079417810833322,0.1303213748915501
87.35919899874844,5.726929474896091,2.7528322382817043,1.5673674231248484,-0.06686205958175523,0.13110667018978686
87.60951188986233,5.710686578763657,2.7857442192632247,1.5697634305644594,-0.06291652751919048,0.1318535437639768
87.85982478097623,5.6954328786777015,2.8188382145366218,1.5720326983383868,-0.05895854293245989,0.13256075866902353
88.11013767209012,5.681171373728979,2.852104148138603,1.5741713697876913,-0.05498904439956078,0.13322713119654242
88.36045056320401,5.667904831839863,2.885531658011787,1.5761757656517639,-0.051008948397951906,0.13385153479095757
88.6107634543179,5.655635792342044,2.9191100985362715,1.5780424009068783,-0.04701914575279463,0.13443290517850404
88.8610763454318,5.644366574747096,2.952828569243466,1.5797679950934982,-0.043020505316191976,0.13497024270376562
89.11138923654569,5.634099285981959,2.9866759371038603,1.5813494842163522,-0.03901387587486953,0.135462615345139
89.36170212765958,5.624835822481097,3.0206408328482492,1.5827840407736107,-0.035000080675988685,0.1359091649251358
89.61201501877348,5.616577876430371,3.0547116857257266,1.5840690771016577,-0.030979923572392078,0.13630910741817062
89.86232790988737,5.60932694106444,3.0888767446377368,1.5852022553390903,-0.026954190944297723,0.1366617355284529
90.11264080100126,5.603084316953284,3.1231240817093213,1.5861815088870677,-0.022923647733611732,0.13696642494193081
90.36295369211514,5.597851113366563,3.1574416272994124,1.587005037671804,-0.018889044406051752,0.1372226326044065
90.61326658322903,5.5936282527290855,3.1918171906068253,1.5876713169005539,-0.014851118803414047,0.1374298990235894
90.86357947434293,5.590416478455834,3.2262384691395116,1.5881791180251361,-0.010810593920386758,0.1375878541235537
91.11389236545682,5.58821635060065,3.260693082355358,1.588527495814653,-0.006768184802684842,0.13769621354466913
91.36420525657071,5.587028249870451,3.2951685920955405,1.58871579654818,-0.002724600364212914,0.13775478081304857
91.6145181476846,5.586852385961336,3.329652517383637,1.5887436763389986,0.001319457009229981,0.1377634522928011
91.8648310387985,5.58768878797558,3.3641323648934365,1.5886110805554252,0.005363285569637444,0.13772221166582
92.11514392991239,5.589537308373393,3.3985956497615075,1.5883182517469672,0.009406182245730296,0.13763113201977303
92.36545682102629,5.592397629920235,3.433029914484088,1.587865743789314,0.01344744147464394,0.13749037958772523
92.61576971214018,5.596269253339283,3.4674227547144127,1.5872543981285583,0.017486351280799554,0.13730020752405991
92.86608260325407,5.601151497703443,3.501761841626609,1.586485344604685,0.02152219068656423,0.13706095611972938
93.11639549436796,5.607043502843186,3.536034942619987,1.5855600053317738,0.02555422763602997,0.13677305381386828
93.36670838548186,5.61394422330982,3.5702299413211462,1.5844800812385653,0.029581717009017502,0.1364370136757486
93.61702127659575,5.621852428737689,3.6043348618099302,1.5832475541776188,0.03360389755159519,0.13605343395541045
93.86733416770964,5.630766692562184,3.638337886672502,1.5818646658178372,0.03761999146842411,0.13562299252167262
94.11764705882354,5.640685391866515,3.6722273794670763,1.5803339167394965,0.04162920160917518,0.13514644663369502
94.36795994993743,5.651606702491738,3.705991903124986,1.5786580558001289,0.04563071025816849,0.13462463009002462
94.61827284105132,5.66352859075894,3.739620236201278,1.5768400629667987,0.049623678877325945,0.13405844863135563
94.86858573216522,5.676448812194778,3.773101396359041,1.5748831470706888,0.05360724527679862,0.13344887937982372
95.11889862327911,5.69036490264186,3.806424650228558,1.5727907222480677,0.05758052585953269,0.13279696435093913
95.369211514393,5.7052741747254645,3.83957953643696,1.570566402755461,0.06154261278022335,0.13210380915719225
95.6195244055069,5.721173710895934,3.8725558766094728,1.5682139851747856,0.06549257551162296,0.13137057801732327
95.86983729662079,5.73806035708944,3.9053437892325498,1.5657374328132185,0.06942946142998623,0.13059848944080144
96.12015018773468,5.7559307183492985,3.9379337081555654,1.5631408651432204,0.07335229467614798,0.12978881337553622
96.37046307884856,5.774781153361671,3.9703163849767944,1.56042853641141,0.07726008037734344,0.12894286491857754
96.62077596996245,5.794607768300151,4.002482912208446,1.5576048260337414,0.08115180216579199,0.12806200192362002
96.87108886107634,5.815406413467101,4.034424724121937,1.5546742196366163,0.08502642647885168,0.12714761925668883
97.12140175219024,5.837172678563945,4.066133605772318,1.5516412928892869,0.08888290445916086,0.12620114411855837
97.37171464330413,5.859901886953385,4.097601709782385,1.548510698320384,0.09272017149220783,0.1252240324682801
97.62202753441802,5.883589097211893,4.128821548173488,1.5452871480392578,0.09653715321448873,0.1242177633385607
97.87234042553192,5.908229095190068,4.159786011225066,1.541975398760738,0.100332764959404,0.12318383487834467
98.12265331664581,5.933816394655231,4.190488366116263,1.5385802373688962,0.10410591560345255,0.12212375971448736
98.3729662077597,5.960345238364705,4.2209222546044725,1.5351064665414476,0.10785551161400211,0.1210390602905439
98.6232790988736,5.987809590739019,4.251081708347975,1.531558888454581,0.11158045757204516,0.11993126440755696
98.87359198998749,6.016203146784654,4.280961134397076,1.527942295111771,0.1152796616318781,0.1188019013963078
99.12390488110138,6.045519326509245,4.3105553255798315,1.5242614515763517,0.11895203734827797,0.11765249730835484
99.37421777221527,6.075751277446017,4.339859458460627,1.5205210841032903,0.12259650685334844,0.116484571006847
99.62453066332917,6.106891883710318,4.368869081603279,1.516725872408641,0.12621200497523746,0.1152996310559806
99.87484355444306,6.1389337590292365,4.39758012676731,1.51288043129657,0.12979748142796274,0.11409917046130888
100.12515644555695,6.171869263077617,4.4259888890925545,1.508989309928529,0.13335190440651154,0.11288466536265965
100.37546933667085,6.205690497259156,4.454092033502338,1.5050569744188824,0.13687426364849287,0.11165756981599596
100.62578222778474,6.240389304033722,4.481886596662411,1.5010877933849807,0.1403635735384945,0.11041931127973227
100.87609511889863,6.275957288117617,4.509369962939661,1.4970860428211439,0.1438188753166249,0.10917129095209427
101.12640801001253,6.31238582892501,4.536539850787799,1.493055903246764,0.14723923963330385,0.1079148821714604
101.37672090112642,6.349666064256471,4.5633943326474355,1.489001430926304,0.1506237708190221,0.10665142220112417
101.62703379224031,6.3877889099472585,4.58993181379522,1.484926562598991,0.153971608358996,0.10538221273113187
101.8773466833542,6.426745086084168,4.616151005722686,1.4808351288719475,0.15728192633032992,0.10410852301336017
102.12765957446808,6.466525101353552,4.642050942247789,1.476730822249469,0.1605539399058848,0.10283158024815309
102.37797246558198,6.50711926760269,4.667630964830502,1.4726171982502878,0.16378690656468134,0.10155256930680828
102.62828535669587,6.548517726736199,4.692890695820633,1.468497694471314,0.16698012269994594,0.1002726379813136
102.87859824780976,6.590710447303904,4.717830041746171,1.4643756089699793,0.1701329296570555,0.09899288997335404
103.12891113892366,6.633687232231117,4.742449185574141,1.4602540937045223,0.17324471624734494,0.09771438243074708
103.37922403003755,6.677437741454737,4.766748566023084,1.4561361702813245,0.1763149149607792,0.09643813056565932
103.62953692115144,6.721951502733074,4.790728867021267,1.4520247278508984,0.17934300329012562,0.09516510658354937
103.87984981226533,6.767217913548145,4.814391014478133,1.4479225071642272,0.18232850919410915,0.09389623414509436
104.13016270337923,6.813226258575966,4.837736160390175,1.443832111348333,0.18527100817025402,0.09263239159403207
104.38047559449312,6.85996572680089,4.860765667390496,1.4397560194330945,0.18817011898344374,0.09137441625807974
104.63078848560701,6.907425415138112,4.883481103805851,1.4356965664896675,0.19102551134091159,0.09012309727716546
104.8811013767209,6.955594342714808,4.905884230530393,1.4316559508189306,0.1938369037929465,0.08887917775849642
105.1314142678348,7.004461465600377,4.927976988605829,1.427636248292223,0.19660405821517085,0.08764335967735017
105.38172715894869,7.054015687195318,4.949761488545274,1.4236394065835376,0.1993267828178705,0.08641630142167493
105.63204005006259,7.104245868181069,4.9712400003156505,1.419667247087184,0.2020049318500733,0.08519861822290477
105.88235294117648,7.155140835521589,4.992414943987646,1.415721468377896,0.20463840462572203,0.08399088319554518
106.13266583229037,7.206689397206642,5.013288876844243,1.4118036487206498,0.20722714500980335,0.08279362783445678
106.38297872340426,7.258880352534133,5.033864485049938,1.4079152533562458,0.20977113791425384,0.08160734463700355
106.63329161451816,7.31170250335398,5.054144572493499,1.4040576358516543,0.2122704094386651,0.08043248724038281
106.88360450563205,7.365144663874457,5.074132051139745,1.4002320409698723,0.21472502611658817,0.07926947122365974
107.13391739674594,7.419195667510463,5.0938299344280855,1.396439610514361,0.2171350924129281,0.07811867621504268
107.38423028785984,7.473844381130992,5.113241324371167,1.3926813852436482,0.2195007504452605,0.07698044618469126
107.63454317897373,7.529079709965012,5.1323694059714295,1.3889583100818197,0.22182217754882583,0.07585509137227493
107.88485607008761,7.584890607402691,5.1512174379219635,1.385271237909786,0.22409958491726478,0.07474288947339795
108.1351689612015,7.641266085627814,5.169788742879901,1.3816209329767095,0.2263332164788109,0.07364408665544993
108.3854818523154,7.698195219360761,5.188086703742566,1.3780080754352242,0.22852334653496775,0.07255889932056157
108.63579474342929,7.755667157966421,5.206114752028801,1.3744332649629265,0.23067027873667087,0.0714875151081524
108.88610763454318,7.813671129718195,5.223876363186556,1.3708970246410228,0.2327743442191579,0.07043009433591013
109.13642052565707,7.87219644756896,5.24137505065025,1.3673998048386746,0.23483589985501266,0.06938677138403958
109.38673341677097,7.931232519177147,5.258614356510761,1.3639419871155736,0.2368553268186325,0.0683576559279694
109.63704630788486,7.990768848060087,5.275597849339603,1.36052388740039,0.23883302888155133,0.06734283420386392
109.88735919899875,8.050795043379726,5.292329114960399,1.3571457602121624,0.24076943078910323,0.06634237037931276
110.13767209011264,8.111300822515336,5.308811753063473,1.353807801705831,0.24266497676377208,0.06535630770146107
110.38798498122654,8.172276015347508,5.325049372452334,1.3505101530427863,0.24452012894647174,0.06438466971921726
110.63829787234043,8.233710571600268,5.341045583833911,1.3472529042786803,0.24633536577036322,0.06342746160887862
110.88861076345432,8.295594560195795,5.356803998965909,1.3440360964914215,0.2481111807896613,0.06248467104376058
111.13892365456822,8.357918177218153,5.3723282229717695,1.3408597259752792,0.24984808090284139,0.0615562696321604
111.38923654568211,8.420671746515648,5.387621852473921,1.3377237464678113,0.25154658523512285,0.06064221377658997
111.639549436796,8.483845722586219,5.4026884719279655,1.33462807203133,0.2532072237847744,0.05974244573318303
111.8898623279099,8.54743069554803,5.41753164831206,1.331572580495292,0.25483053588048254,0.0588568948366663
112.14017521902379,8.611417389426435,5.432154931075324,1.328557114817161,0.2564170694499437,0.057985478061989164
112.39048811013768,8.675796668026404,5.446561846121398,1.325581486907605,0.25796737929359115,0.05712810138653503
112.64080100125157,8.740559533329039,5.460755895678429,1.3226454788431359,0.25948202646353513,0.056284660278721324
112.89111389236547,8.80569712834409,5.4747405546561785,1.3197488457089148,0.26096157693501365,0.05545504074076282
113.14142678347936,8.871200741496212,5.488519265794112,1.3168913189998057,0.2624066000362352,0.05463912054086811
113.39173967459325,8.937061802552655,5.5020954414514955,1.3140726068243733,0.2638176683410076,0.05383676933733144
113.64205256570713,9.003271881350795,5.515472463198952,1.311292395167208,0.2651953570770757,0.0530478491694588
113.89236545682103,9.069822695891078,5.528653674074765,1.3085503527441944,0.26654024184477065,0.05227221620591855
114.14267834793492,9.136706108370962,5.541642380319887,1.3058461310853635,0.2678528985883823,0.05150972081097584
114.39299123904881,9.203914121278821,5.554441853099688,1.3031793644949428,0.26913390363361744,0.0507602075558644
114.6433041301627,9.271438884434364,5.5670553215093905,1.3005496748284968,0.2703838314243737,0.05002351696634369
114.8936170212766,9.339272692164835,5.579485973466101,1.2979566718734243,0.2716032543801559,0.04929948568008459
115.14392991239049,9.407407978147278,5.59173695856551,1.2953999525178226,0.2727927434009327,0.04858794614908728
115.39424280350438,9.475837320840126,5.603811382246648,1.2928791050311397,0.27395286576223754,0.04788872822922875
115.64455569461828,9.5445534416329,5.61571230592698,1.2903937098121605,0.275084184818922,0.04720165946347244
115.89486858573217,9.613549199454253,5.627442749975931,1.28794333830923,0.27618726067533717,0.046526564674806495
116.14518147684606,9.68281759398941,5.6390056897498795,1.2855275563187756,0.27726264855752697,0.045863267204691305
116.39549436795996,9.75235176474812,5.65040405497868,1.2831459251572008,0.27831089830327216,0.04521158935138749
116.64580725907385,9.822144986354086,5.661640732406573,1.280798000629472,0.27933255502419724,0.044571351971151495
116.89612015018774,9.892190669325913,5.672718563700206,1.278483335204027,0.2803281580620639,0.04394237529776428
117.14643304130163,9.962482359806689,5.683640344269272,1.2762014795647771,0.28129824027693007,0.043324479525109115
117.39674593241553,10.03301373556897,5.694408825381554,1.273951981818737,0.2822433285968869,0.042717484492414984
117.64705882352942,10.103778604915503,5.70502671370302,1.27173438855702,0.28316394356780256,0.04212121008006125
117.89737171464331,10.174770906777722,5.715496669765749,1.2695482466983057,0.28406059847953846,0.04153547690596645
118.1476846057572,10.245984707438705,5.725821309543116,1.2673931029989929,0.2849337997575994,0.04096010612353902
118.3979974968711,10.317414198133797,5.736003205226153,1.2652685041564207,0.28578404703339294,0.040394919447776734
118.64831038798499,10.389053695185348,5.7460448835497875,1.263173998839394,0.286611832166029,0.03983973992619512
118.89862327909889,10.46089763601362,5.755948827162229,1.2611091377474428,0.2874176394192826,0.039294391938088376
119.14893617021278,10.532940582093273,5.765717475293,1.2590734714391931,0.28820194635994945,0.03875870038529015
119.39924906132667,10.605177207272462,5.77535322368623,1.2570665556449774,0.2889652218960705,0.03823249264433082
119.64956195244055,10.677602305966209,5.784858424421008,1.2550879478223764,0.289707927518766,0.037715597303964676
119.89987484355444,10.75021078429317,5.79423538827004,1.2531372081051835,0.29043051732234476,0.037207844469447963
120.15018773466834,10.822997663046113,5.803486382506891,1.2512139007900767,0.2911334371088175,0.03670906635092138
120.40050062578223,10.895958076975568,5.812613631434814,1.2493175939780858,0.2918171246038559,0.036219097121513416
120.65081351689612,10.969087264334414,5.821619319804865,1.2474478598534187,0.2924820099176359,0.03573777295198024
120.90112640801001,11.042380564887067,5.830505593452927,1.2456042747543046,0.2931285156239207,0.03526493202408324
121.15143929912391,11.115833434962253,5.839274554483265,1.243786418637343,0.29375705616211173,0.03480041442944016
121.4017521902378,11.189441438992871,5.847928263878518,1.2419938754992392,0.2943680381097194,0.034344062272873566
121.6520650813517,11.263200221157584,5.856468749059602,1.2402262362694199,0.29496186031632887,0.03389572058868267
121.90237797246559,11.337105531428197,5.864897996942298,1.238483096152639,0.29553891378081903,0.03345523649884604
122.15269086357948,11.411153228397705,5.873217953183377,1.2367640543404566,0.296099581638032,0.033022459121625165
122.40300375469337,11.485339264692826,5.881430526295579,1.2350687152189905,0.29664423939023093,0.03259723993359626
122.65331664580727,11.559659664102798,5.8895375943171,1.2333966899927105,0.29717325542649264,0.032179433232031644
122.90362953692116,11.634110558970894,5.897540993907817,1.2317475940297389,0.29768699017356665,0.03176889537896475
123.15394242803505,11.708688178921717,5.905442523637541,1.2301210476606224,0.2981857963526443,0.03136548502849049
123.40425531914894,11.7833888273741,5.9132439512556685,1.2285166771981895,0.2986700198328834,0.030969063353960474
123.65456821026284,11.858208886764254,5.920947012068925,1.2269341147193753,0.2991399994373345,0.03057949400075599
123.90488110137673,11.933144838857284,5.9285534026328435,1.2253729972167913,0.29959606618824036,0.03019664290263435
124.15519399249062,12.00819325104583,5.936064785074471,1.2238329670890373,0.30003854385814543,0.029820378374361477
124.40550688360452,12.083350745212696,5.943482797367641,1.2223136727040398,0.30046775050461433,0.02945057111226488
124.65581977471841,12.158614035522204,5.9508090408619,1.2208147677153296,0.3008839966075477,0.029087094193562528
124.9061326658323,12.233979924704625,5.958045081508636,1.2193359111292625,0.3012875852523172,0.028729823076428813
125.1564455569462,12.309445298686752,5.965192451635313,1.2178767673984887,0.3016788123963067,0.0283786355986938
125.40675844806007,12.385007090437115,5.97225266224515,1.216437006496186,0.30205796894887615,0.028033411758275655
125.65707133917397,12.460662298292231,5.979227196782622,1.215016303878432,0.3024253397170636,0.027694033824475675
125.90738423028786,12.536408012218901,5.986117502199155,1.2136143404302822,0.30278120189472835,0.027360386497469132
126.15769712140175,12.612241397763393,5.992924994413544,1.2122308024987238,0.30312582598594734,0.0270323568108286
126.40801001251565,12.688159680865528,5.999651063704651,1.210865381627139,0.3034594768319652,0.026709833927786284
126.65832290362954,12.7641601255125,6.006297082646829,1.2095177741645575,0.3037824151223619,0.02639270884143193
126.90863579474343,12.840240084084595,6.012864388231507,1.208187682146002,0.30409489399040884,0.02608087505016363
127.15894868585733,12.916396978696008,6.019354288493311,1.2068748129662128,0.3043971602749016,0.025774228307351484
127.40926157697122,12.992628295725064,6.025768064495693,1.2055788792234596,0.3046894549202053,0.025472666525599513
127.65957446808511,13.068931550460547,6.032106983234591,1.2042995976125423,0.30497201561046877,0.025176089121957606
127.909887359199,13.145304331344063,6.03837228149051,1.2030366903101137,0.3052450734731111,0.024884397837337664
128.1602002503129,13.221744294472291,6.044565167835121,1.2017898848025335,0.30550885348845985,0.024597496634689565
128.41051314142678,13.298249173014181,6.0506868190673595,1.200558914352823,0.3057635737040316,0.024315291935746802
128.66082603254068,13.374816677083928,6.056738417610114,1.1993435137093624,0.3060094532596525,0.02403769034781746
128.91113892365456,13.451444642541443,6.062721095934356,1.1981434254832704,0.3062467004611883,0.023764602042039198
129.16145181476847,13.528130933552607,6.068635972952184,1.1969583959722712,0.30647552059028554,0.02349593854117896
129.41176470588235,13.604873473539412,6.074484142457137,1.1957881764871774,0.3066961134237309,0.023231613422303538
129.66207759699626,13.68167023100547,6.080266678537052,1.194632522599712,0.30690867443798997,0.022971541943907714
129.91239048811013,13.758519203258217,6.0859846417919155,1.1934911932764212,0.30711339619355976,0.022715640616904117
130.16270337922404,13.835418453748492,6.091639065028638,1.1923639529166346,0.3073104651351531,0.02246382820681606
130.41301627033792,13.912366093762127,6.097230960256178,1.1912505703763943,0.30750006314966527,0.022216025250563955
130.66332916145183,13.989360279697145,6.10276131971501,1.1901508188365313,0.30768236779161484,0.02197215398927362
130.9136420525657,14.066399211083189,6.10823111662243,1.1890644757109528,0.3078575524451116,0.02173213832090144
131.1639549436796,14.143481129884076,6.113641305534742,1.1879913224466607,0.3080257864610985,0.021495903725388055
131.4142678347935,14.220604322267057,6.118992821972762,1.1869311441155994,0.3081872352470505,0.021263377136991553
131.6645807259074,14.29776711000206,6.1242865851441355,1.1858837298816167,0.3083420605565345,0.021034487038667737
131.91489361702128,14.374967850768698,6.129523498005508,1.1848488727157087,0.30849042060708987,0.02080916336571342
132.16520650813519,14.452204936609139,6.134704447878447,1.1838263692677407,0.3086324702338456,0.020587337449113487
132.41551939924906,14.52947679204304,6.139830307166227,1.1828160197666748,0.3087683610496482,0.020368941966120997
132.66583229036297,14.606781878665172,6.144901931738249,1.1818176281356694,0.30889824110426867,0.020153911017948906
132.91614518147685,14.684118733730898,6.149920147085826,1.180831003233767,0.3090222519172706,0.019942180873914285
133.16645807259076,14.761485911746677,6.1548857693761,1.1798559568825224,0.30914053300593264,0.01973368881365912
133.41677096370464,14.838881995408496,6.159799601555022,1.1788923041912867,0.30925322105447284,0.019528373329179057
133.66708385481854,14.91630560047799,6.164662431631578,1.177939863681537,0.30936044955173414,0.019326174207976422
133.91739674593242,14.993755374752164,6.169475033087027,1.1769984572154373,0.309462348885262,0.019127032500400855
134.1677096370463,15.07122999758474,6.174238165073007,1.176067909943638,0.3095590463964123,0.01893089049839168
134.4180225281602,15.148728186669462,6.178952569829376,1.1751480505064391,0.30965066592232493,0.018737691864356677
134.6683354192741,15.226248688280458,6.183618976435501,1.1742387106577934,0.30973732850681934,0.01854738141803993
134.918648310388,15.303790276499246,6.188238101121044,1.1733397252028377,0.3098191524763007,0.018359905109178957
135.16896120150187,15.381351754119116,6.192810646934519,1.1724509319939511,0.3098962533971333,0.018175210024843094
135.41927409261578,15.458931951773044,6.197337304092037,1.1715721718648275,0.30996874415855036,0.017993244360041415
135.66958698372966,15.536529727179403,6.201818750280535,1.170703288569201,0.3100367350446226,0.01781395739119618
135.91989987484357,15.614143969621992,6.206255648941695,1.1698441289260124,0.3101003333206767,0.017637299576769676
136.17021276595744,15.69177359473785,6.210648651295015,1.1689945425823105,0.31015964371880334,0.017463222422441815
136.42052565707135,15.769417541815608,6.214998397392368,1.1681543818751667,0.3102147686904816,0.017291678407273747
136.67083854818523,15.847074774949435,6.219305515685053,1.1673235018456642,0.3102658083015322,0.01712262100353743
136.92115143929914,15.924744282283203,6.22357062332768,1.1665017601775554,0.31031286030424116,0.016956004650148085
137.17146433041302,16.00242507525809,6.22779432648089,1.1656890171360719,0.31035602020920194,0.01679178472618088
137.42177722152692,16.080116192427052,6.2319772191326415,1.1648851356993437,0.31039538099614367,0.016629917631943138
137.6720901126408,16.157816697108142,6.236119883918121,1.1640899814299674,0.31043103331180655,0.01647036072494225
137.9224030037547,16.235525672174315,6.240222893868606,1.1633034222257954,0.3104630658941951,0.016313072188409414
138.1727158948686,16.31324222213661,6.244286811794338,1.1625253283783399,0.310491565420261,0.016158011071599317
138.4230287859825,16.39096547250978,6.248312190548997,1.161755572516557,0.31051661656842294,0.01600513726608398
138.67334167709637,16.46869456917786,6.252299573294167,1.1609940295506287,0.31053830208108596,0.015854411482046925
138.92365456821028,16.54642868058307,6.256249492569856,1.1602405768227975,0.31055670254124745,0.015705795324697843
139.17396745932416,16.624166997893706,6.260162470219668,1.1594950941099895,0.31057189635376226,0.015559251299020336
139.42428035043807,16.701908728267124,6.264039020236046,1.1587574631200492,0.310583960425883,0.015414742569648043
139.67459324155195,16.77965309737871,6.2678796476869545,1.1580275676675171,0.31059296990941765,0.015272233049342707
139.92490613266582,16.857399348886506,6.271684848938481,1.1573052936246737,0.3105989982532245,0.015131687378798468
140.17521902377973,16.93514674385072,6.2754551118965045,1.1565905288692764,0.31060211726027076,0.014993070904848225
140.4255319148936,17.012894560153217,6.279190916248356,1.155883163232299,0.310602397144691,0.014856349658669981
140.67584480600752,17.090642091969382,6.2828927336840446,1.1551830884492789,0.31059990658375464,0.01472149033573823
140.9261576971214,17.16838865777105,6.286561024781315,1.1544901987008434,0.31059471193905747,0.01458846056054493
141.1764705882353,17.246133593619778,6.290196241643037,1.153804390137355,0.31058687791016704,0.014457228660310628
141.42678347934918,17.323876246937406,6.293798830347885,1.1531255604365294,0.3105764681417746,0.014327763454632152
141.6770963704631,17.40161598053346,6.297369229390107,1.1524536090693944,0.3105635448320423,0.014200034387496218
141.92740926157697,17.47935217213118,6.3009078698795005,1.151788437255391,0.3105481687792808,0.014074011509044075
142.17772215269088,17.55708421389373,6.304415175741399,1.1511299479174713,0.31053039942862765,0.013949665457335919
142.42803504380475,17.63481151195024,6.307891563916641,1.1504780456372001,0.31051029491872467,0.013826967440115537
142.67834793491866,17.712533486373648,6.311337444384685,1.1498326366451672,0.31048791208422416,0.01370588923275207
142.92866082603254,17.790249578258177,6.314753217406424,1.1491936293664944,0.310463305763947,0.01358640343047491
143.17897371714645,17.867959240133782,6.318139277292355,1.1485609336635347,0.3104365297386772,0.013468483103781787
143.42928660826033,17.945661935567927,6.3214960125729,1.1479344607968929,0.31040763677043604,0.013352101782914995
143.67959949937423,18.02335714085071,6.32482380535294,1.1473141235493218,0.3103766784380159,0.01323723351695376
143.9299123904881,18.101044344601455,6.3281230314802555,1.1466998361871192,0.310343705175784,0.0131238528584627
144.18022528160202,18.178723047375396,6.331394060713979,1.1460915144215207,0.3103087663124858,0.013011934848140061
144.4305381727159,18.25639276127025,6.334637256893047,1.1454890753700961,0.31027191011004884,0.012901454999466173
144.6808510638298,18.334053010672637,6.337852977643302,1.1448924376144114,0.3102331836858419,0.012792389326324944
144.93116395494368,18.41170333771736,6.34104157217687,1.1443015216557735,0.310192632453,0.012684714548327685
145.1814768460576,18.48934329229432,6.344203385346432,1.1437162490657773,0.31015030114086906,0.012578407713503416
145.43178973717147,18.566972434272856,6.347338756754054,1.143136542668812,0.3101062335661274,0.012473446281649245
145.68210262828535,18.64459033406488,6.350448020532482,1.14256232658424,0.3100604725737867,0.01236980814504096
145.93241551939926,18.72219657229956,6.353531505486027,1.1419935261935439,0.31001306006903157,0.012267471615649434
146.18272841051314,18.79979073949807,6.356589535231442,1.141430068107477,0.3099640370490585,0.012166415412357029
146.43304130162704,18.87737243574838,6.359622428338805,1.1408718801332078,0.3099134436349149,0.012066618648173879
146.68335419274092,18.954941272372242,6.362630497686122,1.1403188914123639,0.3098613189056745,0.011968060891788174
146.93366708385483,19.032496874772004,6.3656140493483795,1.139771032660258,0.30980770061557344,0.011870722273129693
147.1839799749687,19.110038874132535,6.36857338588488,1.1392282354491667,0.30975262601684966,0.011774583173122233
147.43429286608261,19.187566910427556,6.37150880516533,1.1386904324612432,0.3096961315610509,0.011679624335199455
147.6846057571965,19.265080632404928,6.374420600388143,1.1381575574823068,0.30963825290005875,0.011585826864109845
147.9349186483104,19.342579697319312,6.377309060198479,1.1376295453739538,0.3095790249121864,0.011493172215292155
148.18523153942428,19.420063770664733,6.380174468806287,1.1371063320456698,0.30951848172827606,0.011401642184250983
148.4355444305382,19.497532525907243,6.383017106104349,1.136587854426941,0.30945665675779677,0.0113112188959322
148.68585732165207,19.57498564691173,6.3858372466683155,1.1360740506931493,0.30939358243795345,0.011221884901124371
148.93617021276597,19.65242282759262,6.388635159908766,1.1355648602299606,0.3093292902682124,0.011133623162577778
149.18648310387985,19.729843767080734,6.391411112083816,1.1350602231753788,0.30926381130578273,0.011046416863014339
149.43679599499376,19.80724817201622,6.394165365354766,1.1345600806330134,0.3091971759285051,0.010960249496204824
149.68710888610764,19.8846357563386,6.396898177880281,1.134064374649611,0.30912941385503556,0.010875104858629189
149.93742177722154,19.96200624106489,6.399609803915572,1.1335730481914463,0.309060554166271,0.010790967040657474
150.18773466833542,20.039359354067628,6.402300493911574,1.1330860451207159,0.30899062532677407,0.010707820417730869
150.43804755944933,20.116694829910376,6.404970494590346,1.1326033101774584,0.3089196552003865,0.010625649643821495
150.6883604505632,20.194012413509448,6.407620047435655,1.13212478932983,0.30884767067859004,0.010544439796743138
150.93867334167712,20.271311856239162,6.410249390313426,1.131650429396913,0.3087746980736566,0.010464176223569975
151.188986232791,20.348592914074118,6.412858758248436,1.1311801778676343,0.30870076330562507,0.010384844466900928
151.4392991239049,20.425855349192016,6.41544838276772,1.1307139830528226,0.3086258917390509,0.010306430328456115
151.68961201501878,20.503098929780496,6.418018491987802,1.1302517940643788,0.30855010820151085,0.010228919861403056
151.93992490613266,20.58032342984413,6.42056931070192,1.1297935607944467,0.30847343700210733,0.010152299362682764
152.19023779724657,20.65752862901131,6.423101060467262,1.1293392338945831,0.3083959019499733,0.010076555365335893
152.44055068836045,20.734714312341133,6.425613959692196,1.128888764754929,0.3083175263727767,0.010001674630828917
152.69086357947435,20.81188027013066,6.428108223723375,1.1284421054834073,0.3082383331351967,0.009927644141391252
152.94117647058823,20.889026302295996,6.430584063041016,1.1279992093226154,0.3081583441973697,0.009854451270940362
153.19148936170214,20.96615221587856,6.433041684297721,1.127560030408838,0.30807758086478765,0.009782083687578689
153.44180225281602,21.043257819802374,6.435481292494287,1.127124523268001,0.30799606431467497,0.00971052914875928
153.69211514392993,21.120342928106957,6.437903089649939,1.1266926431226802,0.3079138152699265,0.009639775627375686
153.9424280350438,21.19740735979554,6.44030727487244,1.1262643458752335,0.3078308540134504,0.009569811305703883
154.1927409261577,21.274450938683437,6.442694044428205,1.1258395880909293,0.3077472004025104,0.009500624569344102
154.4430538172716,21.35147349324628,6.4450635918124135,1.1254183269810785,0.30766287388306873,0.009432204001162759
154.6933667083855,21.42847485646839,6.447416107819128,1.1250005203861646,0.30757789350412834,0.009364538375234276
154.94367959949938,21.505454865690997,6.449751780611402,1.124586126758975,0.30749227793207573,0.009297616650783021
155.19399249061328,21.582413364725152,6.45207079482034,1.1241751053842526,0.3074060452386063,0.009231428058869564
155.44430538172716,21.659350204191185,6.454373331404572,1.1237674164131342,0.307319212865953,0.009165962116450587
155.69461827284107,21.73626523630764,6.456659569889891,1.123363020317843,0.3072317981470882,0.009101208413111756
155.94493116395495,21.813158317434098,6.458929687283917,1.1229618781562576,0.3071438180506537,0.009037156715365872
156.19524405506886,21.890029307988705,6.46118385811654,1.1225639515622667,0.3070552891883863,0.008973796963427998
156.44555694618273,21.966878072324167,6.4634222544981315,1.1221692027318007,0.30696622782668515,0.008911119266294166
156.69586983729664,22.043704478603875,6.4656450461777615,1.121777594408859,0.30687664989817903,0.008849113896819975
156.94618272841052,22.12050839867789,6.467852400601402,1.1213890898715426,0.30678657101329393,0.008787771286799301
157.19649561952443,22.197289707959072,6.470044482970147,1.121003652918081,0.3066960064718202,0.008727082022042896
157.4468085106383,22.274048286649748,6.472221455710428,1.1206212479934141,0.30660497113829116,0.00866703689195797
157.69712140175218,22.35078402135411,6.474383477776403,1.1202418403558927,0.3065134792784853,0.008607626954685081
157.9474342928661,22.427496799798767,6.476530706952439,1.1198653955268434,0.3064215450908115,0.008548843324153635
158.19774718397997,22.50418651299344,6.478663298916782,1.1194918795143314,0.30632918248752006,0.00849067725734546
158.44806007509388,22.58085305527803,6.480781407225333,1.1191212588169819,0.3062364050890311,0.008433120156272506
158.69837296620776,22.657496324222162,6.482885183359613,1.1187535004124602,0.3061432262331274,0.00837616356400561
158.94868585732166,22.734116220524847,6.484974776774725,1.118388571745951,0.30604965898414765,0.008319799160703153
159.19899874843554,22.81071264791402,6.4870503349473125,1.1180264407186378,0.3059557161421803,0.00826401875963982
159.44931163954945,22.887285513046205,6.489112003423524,1.1176670756761842,0.30586141025225644,0.008208814303235253
159.69962453066333,22.963834726144206,6.491159925556854,1.1173104454717975,0.30576675354377125,0.00815417788739408
159.94993742177724,23.040360203115025,6.493194241624153,1.1169565196788527,0.3056717577300015,0.008100101842614464
160.20025031289111,23.11686186088358,6.495215090791814,1.1166052681180216,0.3055764344488721,0.008046578554897984
160.45056320400502,23.193339618924742,6.497222610477946,1.1162566610106923,0.30548079511785525,0.007993600524386097
160.7008760951189,23.2697933994592,6.4992169362758245,1.1159106689973939,0.3053848509151525,0.007941160372754948
160.9511889862328,23.34622312737271,6.501198201993631,1.115567263128253,0.30528861278703723,0.007889250839995024
161.2015018773467,23.42262873013522,6.503166539694187,1.1152264148534536,0.3051920914551972,0.007837864781190907
161.4518147684606,23.499010137720106,6.505122079734692,1.114888096013695,0.30509529742407715,0.0077869951633009445
161.70212765957447,23.57536728252329,6.507064950806452,1.114552278830649,0.3049982409882212,0.007736635061936996
161.95244055068838,23.65170009961028,6.508995279826385,1.1142189359336754,0.30490093220735587,0.007686777671546525
162.20275344180226,23.72800852864473,6.510913191068021,1.113888040572535,0.3048033807159746,0.007637416384351495
162.45306633291617,23.804292510494882,6.512818807699387,1.1135595662414346,0.3047055960567069,0.007588544651679274
162.70337922403004,23.880551987985218,6.514712251446246,1.1132334867615659,0.30460758760572937,0.007540156014780859
162.95369211514395,23.9567869061957,6.51659364246,1.1129097763135922,0.3045093645427118,0.00749224411714733
163.20400500625783,24.03299721239551,6.518463099350787,1.1125884094297294,0.3044109358567171,0.0074448027018886795
163.4543178973717,24.109182855976986,6.520320739220597,1.112269360985823,0.30431231035210216,0.007397825609112546
163.70463078848562,24.18534378838939,6.522166677696379,1.1119526061934277,0.30421349665441827,0.007351306773303026
163.9549436795995,24.261479963072738,6.524001028963154,1.1116381205918864,0.30411450321631195,0.007305240220699459
164.2052565707134,24.337591335558677,6.5258239057225556,1.1113258800586374,0.30401533830765576,0.007259620073285422
164.45556946182728,24.41367786552903,6.5276354182771845,1.1110158610332426,0.30391600982079264,0.007214440630279134
164.7058823529412,24.489739513689287,6.5294356759302605,1.1107080401753786,0.3038165255654513,0.0071696962443623495
164.95619524405507,24.56577624204467,6.531224786865871,1.110402394394286,0.30371689324231854,0.007125381332610551
165.20650813516897,24.641788014429974,6.5330028579159976,1.1100989009059015,0.3036171203926635,0.007081490397461749
165.45682102628285,24.717774796452495,6.534769994589519,1.1097975372259365,0.30351721440337187,0.007038018024458372
165.70713391739676,24.793736555435128,6.536526301101236,1.1094982811629586,0.3034171825119806,0.006994958879989079
165.95744680851064,24.86967326035926,6.538271880400877,1.1092011108114708,0.30331703181171216,0.006952307709030651
166.20775969962455,24.945584881807896,6.540006834202117,1.1089060045449919,0.30321676925650887,0.006910059332889804
166.45807259073842,25.02147139190855,6.54173126301159,1.1086129410091365,0.3031164016660675,0.006868208646945079
166.70838548185233,25.09733276427635,6.543445266157901,1.1083218991146957,0.3030159357308736,0.006826750618388657
166.9586983729662,25.173168974656658,6.545148941507774,1.1080328581058614,0.30291537795202894,0.006785680310963815
167.20901126408012,25.248980003361986,6.5468423843799455,1.1077457978211382,0.30281473441387874,0.006744992978923178
167.459324155194,25.324765830138123,6.5485256898442685,1.1074606981411894,0.302714011262167,0.006704683868898937
167.7096370463079,25.40052643585276,6.550198951970213,1.107177539169382,0.30261321454640044,0.006664748284990142
167.95994993742178,25.47626180282305,6.5518622636838835,1.106896301266177,0.30251235018903605,0.00662518160134512
168.2102628285357,25.551971914771894,6.553515716791137,1.106616965043626,0.3024114239892863,0.006585979260412172
168.46057571964957,25.62765675678406,6.555159402000697,1.106339511359868,0.30231044162692433,0.006547136771190338
168.71088861076348,25.703316315262438,6.5567934089472715,1.1060639213136259,0.3022094086660895,0.006508649707480092
168.96120150187735,25.77895057788418,6.558417826214664,1.105790176238703,0.30210833055909214,0.006470513706134106
169.21151439299123,25.854559533556962,6.560032741358898,1.1055182576984803,0.3020072126502192,0.006432724465307957
169.46182728410514,25.930143172375118,6.561638240931328,1.105248147480412,0.3019060601795391,0.006395277742710865
169.71214017521902,26.005701486496033,6.563234410069766,1.1049798276980347,0.30180487820207597,0.006358169391043181
169.96245306633293,26.081234470728397,6.564821332224898,1.1047132808593085,0.3017036715334862,0.006321395381788697
170.2127659574468,26.15674211961473,6.5663990905324265,1.104448489525368,0.3016024450181554,0.006284951687336239
170.4630788485607,26.23222442880727,6.56796776716975,1.1041854364708812,0.3015012034024397,0.006248834336599868
170.7133917396746,26.307681395087826,6.569527443349142,1.1039241046859978,0.3013999513326068,0.006213039415846311
170.9637046307885,26.383113016332615,6.571078199336859,1.1036644773718418,0.3012986933578553,0.0061775630672910595
171.21401752190238,26.458519291476925,6.57262011447224,1.1034065379360087,0.3011974339333337,0.006142401487694545
171.46433041301628,26.53390022047992,6.574153267186815,1.1031502699880593,0.3010961774231595,0.006107550926958233
171.71464330413016,26.609255804289333,6.575677735023401,1.1028956573350162,0.3009949281034384,0.006073007686720795
171.96495619524407,26.684586044806252,6.577193594655217,1.1026426839768577,0.3008936901652837,0.0060387681189542075
172.21526908635795,26.759890944850447,6.578700921904671,1.1023913341020877,0.30079246771777607,0.006004828624585051
172.46558197747186,26.83517050943659,6.58019979113399,1.1021415922345525,0.3006912646697644,0.005971185703891706
172.71589486858574,26.910424744891216,6.5816902756705815,1.1018934431311178,0.3005900848112432,0.005937835921615228
172.96620775969964,26.98565365752371,6.583172448446184,1.1016468716278747,0.3004889319359623,0.005904775854449997
173.21652065081352,27.06085725455072,6.584646381556024,1.101401862746377,0.3003878097557345,0.0058720021275497445
173.46683354192743,27.136035544068154,6.586112146274485,1.101158401689964,0.3002867219027915,0.0058395114134066955
173.7171464330413,27.211188535023,6.587569813070778,1.1009164738400825,0.3001856719321417,0.0058073004307307614
173.96745932415521,27.286316237185307,6.58901945162461,1.1006760647526077,0.3000846633239263,0.005775365943328677
174.2177722152691,27.361418661120037,6.590461130841855,1.1004371601541663,0.29998369948577647,0.005743704758983193
174.468085106383,27.436495818159013,6.591894918870226,1.1001997459384585,0.2998827837551701,0.005712313728332217
174.71839799749688,27.511547720372786,6.593320883114938,1.099963808162579,0.29978191940178867,0.0056811897437480064
174.96871088861076,27.586574380603885,6.5947390902262315,1.0997293330501001,0.29968110962466826,0.005650329740480962
175.21902377972467,27.66157581380681,6.596149605486615,1.099496307138269,0.2995803574383592,0.0056197307460894965
175.46933667083854,27.73655203528061,6.59755249362546,1.0992647170825187,0.29947966582300667,0.005589389815053201
175.71964956195245,27.81150306057967,6.598947818862777,1.0990345496460412,0.2993790377319036,0.005559304025391462
175.96996245306633,27.886428905965968,6.600335644704207,1.0988057917490925,0.2992784760530442,0.0055294704952939385
176.22027534418024,27.961329588386988,6.601716033953961,1.0985784304659691,0.29917798361097575,0.00549988638221917
176.47058823529412,28.03620512545352,6.6030890487277665,1.0983524530219855,0.29907756316865153,0.005470548881993223
176.72090112640802,28.11105553541755,6.604454750465804,1.0981278467904505,0.2989772174292826,0.0054414552279082986
176.9712140175219,28.18588083715005,6.60581319994565,1.0979045992896457,0.2988769490381909,0.0054126026898213865
177.2215269086358,28.260681050118905,6.6071644572952195,1.0976826981798002,0.2987767605846608,0.00538398857325287
177.4718397997497,28.33545619436667,6.608508582005709,1.0974621312600705,0.29867665460379206,0.005355610218485174
177.7221526908636,28.410206290653463,6.6098456328607575,1.097242886485819,0.2985766335635606,0.005327465006289923
177.97246558197747,28.484931361345012,6.6111756674871005,1.0970249520776374,0.2984766997850499,0.005299550393604005
178.22277847309138,28.559631428770615,6.612498743190222,1.0968083163189244,0.298376855589559,0.005271863847533693
178.47309136420526,28.63430651565255,6.613814916737923,1.096592967608456,0.29827710325995843,0.005244402862601334
178.72340425531917,28.70895664525701,6.6151242442854,1.0963788944786577,0.29817744502702836,0.005217164966796372
178.97371714643305,28.783581841376186,6.616426781386003,1.0961660855931095,0.29807788307092664,0.005190147720846339
179.22403003754695,28.85818212831044,6.617722583002003,1.0959545297440516,0.2979784195226562,0.005163348717487781
179.47434292866083,28.93275753085041,6.619011703515352,1.0957442158498882,0.2978790564655334,0.005136765580737237
179.72465581977474,29.007308074259182,6.6202941967384525,1.0955351329526937,0.2977797959366555,0.005110395965162174
179.97496871088862,29.081833784254382,6.6215701159249125,1.0953272702157162,0.2976806399283685,0.005084237555151969
180.22528160200253,29.156334686990366,6.622839513780317,1.0951206169208836,0.29758159038973525,0.0050582880641888315
180.4755944931164,29.230810809388206,6.624102442299146,1.0949151625080404,0.29748264919844886,0.005032545247493266
180.72590738423028,29.305262179594273,6.625358952537529,1.0947108966295922,0.2973838181218362,0.005007006919606987
180.9762202753442,29.379688825473064,6.626609095368111,1.094507808969376,0.29728509894483013,0.004981670896415107
181.22653316645807,29.454090775261164,6.627852921155132,1.094305889320752,0.2971864934143677,0.0049565350202436555
181.47684605757198,29.528468057603554,6.629090479738149,1.0941051275905995,0.29708800323626117,0.004931597161210597
181.72715894868585,29.602820701538626,6.630321820441338,1.0939055137971747,0.2969896300764165,0.0049068552166098576
181.97747183979976,29.677148736483318,6.631546992082782,1.0937070380679672,0.29689137556205103,0.0048823071102953005
182.22778473091364,29.751452192218128,6.632766042983764,1.093509690637559,0.2967932412829116,0.004857950792064758
182.47809762202755,29.825731098872254,6.633979020978068,1.0933134618454814,0.29669522879249277,0.004833784237044008
182.72841051314143,29.89998548690862,6.635185973421265,1.0931183421340727,0.29659733960925433,0.0048098054450708035
182.97872340425533,29.974215387108988,6.636386947200015,1.092924322046336,0.29649957521783993,0.004786012440078849
183.2290362953692,30.048420830558996,6.6375819887413545,1.0927313922237971,0.29640193707029466,0.00476240326948183
183.47934918648312,30.122601849031593,6.638771143820287,1.0925395434519958,0.29630442655386896,0.004738976018633403
183.729662077597,30.196758475588563,6.6399544572568585,1.0923487667320773,0.2962070449405141,0.004715728833547734
183.9799749687109,30.270890742753462,6.641131973843189,1.0921590530619174,0.2961097935401328,0.004692659851688432
184.23028785982478,30.344998683295042,6.642303737948443,1.0919703935294682,0.29601267363481604,0.004669767231573745
184.4806007509387,30.419082330284606,6.64346979349154,1.0917827793192505,0.29591568647400196,0.0046470491548942
184.73091364205257,30.493141717084562,6.644630183948665,1.0915962017106369,0.2958188332753974,0.004624503826030417
184.98122653316648,30.567176877337104,6.645784952360769,1.0914106520761293,0.29572211522589914,0.004602129471570886
185.23153942428036,30.641187844952743,6.646934141341073,1.0912261218796422,0.29562553348251586,0.0045799243398297815
185.48185231539426,30.715174654098995,6.648077793082575,1.0910426026747806,0.29552908917328935,0.00455788670036474
185.73216520650814,30.78913733918893,6.649215949365552,1.090860086103122,0.2954327833982158,0.004536014843494677
185.98247809762205,30.863075934869837,6.650348651565064,1.090678563892496,0.2953366172301678,0.004514307079817563
186.23279098873593,30.936990476011776,6.651475940658459,1.0904980278552654,0.29524059171581524,0.004492761739728235
186.4831038798498,31.01088099794447,6.652597857099189,1.090318469918856,0.29514470785593994,0.0044713771828076235
186.73341677096371,31.08474753687729,6.6537144405919655,1.0901398821800923,0.29504896657054086,0.0044501518144975764
186.9837296620776,31.158590128687933,6.65482573074652,1.0899622567475706,0.29495336879937395,0.004429084037898537
187.2340425531915,31.232408809427056,6.655931766807218,1.0897855858069796,0.2948579154600377,0.004408172273806968
187.48435544430538,31.306203615359077,6.657032587632413,1.089609861626172,0.2947626074445558,0.004387414962311706
187.7346683354193,31.379974582953174,6.6581282317007044,1.089435076553744,0.29466744562010594,0.004366810562403825
187.98498122653316,31.45372174887415,6.659218737117194,1.0892612230176186,0.29457243082974954,0.004346357551586534
188.23529411764707,31.527445149973413,6.660304141619744,1.089088293523626,0.29447756389316077,0.004326054425485036
188.48560700876095,31.601144823279856,6.661384482585234,1.0889162806540835,0.2943828456073556,0.004305899697456433
188.73591989987486,31.674820805990826,6.662459797035814,1.0887451770663792,0.2942882767474216,0.004285891898199578
188.98623279098874,31.748473135463012,6.66353012164517,1.0885749754915515,0.29419385806724657,0.00426602957536498
189.23654568210264,31.822101849203413,6.6645954927447715,1.088405668732871,0.29409959030024824,0.004246311293164663
189.48685857321652,31.895706985057984,6.665655946221293,1.0882372496898745,0.2940054741437254,0.004226735639682411
189.73717146433043,31.96928858158647,6.666711517311644,1.0880697114063433,0.29391151022780393,0.004207301241426937
189.9874843554443,32.04284667703775,6.667762241168065,1.087903046938196,0.29381769920025597,0.004188006723405752
190.23779724655822,32.11638130976673,6.66880815263003,1.0877372494068753,0.2937240416919648,0.004168850725314993
190.4881101376721,32.18989251827335,6.669849286203979,1.0875723120041312,0.2936305383136637,0.0041498319030255845
190.738423028786,32.263380341195564,6.670885676068511,1.0874082279908523,0.29353718965650416,0.0041309489282686995
190.98873591989988,32.33684481730209,6.671917356079568,1.0872449906958976,0.2934439962926245,0.004112200488321247
191.2390488110138,32.41028598548538,6.672944359775629,1.0870825935149264,0.2933509587757184,0.004093585285691331
191.48936170212767,32.483703884754426,6.673966720382892,1.0869210299092298,0.29325807764160294,0.00407510203780374
191.73967459324157,32.557098554227686,6.674984470820468,1.0867602934045621,0.2931653534087878,0.0040567494766854005
191.98998748435545,32.63047003312586,6.675997643705569,1.0866003775899722,0.29307278657904323,0.004038526348650873
192.24030037546936,32.70381836076486,6.677006271358691,1.0864412761166333,0.2929803776379684,0.004020431413987803
192.49061326658324,32.7771435767016,6.678010385726026,1.0862829827159726,0.29288812704374245,0.004002463452354765
192.74092615769712,32.850445721056744,6.679010018206102,1.0861254912401184,0.2927960352022037,0.003984621274786977
192.99123904881102,32.92372483367373,6.680005200106288,1.085968795555533,0.2927041025318474,0.003966903692239293
193.2415519399249,32.99698095445228,6.680995962463567,1.0858128895848296,0.2926123294380671,0.003949309527997205
193.4918648310388,33.07021412338439,6.68198233602645,1.085657767311028,0.2925207163104007,0.003931837618968096
193.7421777221527,33.14342438054866,6.6829643512593115,1.0855034227765854,0.29242926352297716,0.003914486815425817
193.9924906132666,33.21661176610487,6.68394203834672,1.085349850082428,0.29233797143496215,0.003897255980755238
194.24280350438048,33.289776320288325,6.684915427197768,1.08519704338698,0.2922468403910047,0.003880143991196822
194.49311639549438,33.36291808340438,6.685884547450411,1.0850449969051963,0.2921558707216833,0.0038631497355911737
194.74342928660826,33.43603709582284,6.686849428475791,1.084893704907591,0.2920650627439521,0.0038462721151236168
194.99374217772217,33.50913339797244,6.687810099382576,1.0847431617192707,0.29197441676158703,0.0038295100430687425
195.24405506883605,33.58220703033528,6.688766589021287,1.0845933617189623,0.2918839330656323,0.003812862444534986
195.49436795994995,33.65525803354726,6.689718925925153,1.084444299352866,0.2917936119262572,0.003796328260497039
195.74468085106383,33.72828644864551,6.690667138162845,1.0842959691690746,0.29170345357269206,0.0037799064577794606
195.99499374217774,33.8012923164496,6.69161125371026,1.0841483657308233,0.29161345824338963,0.0037635960039827136
196.24530663329162,33.87427567779983,6.692551300308699,1.084001483649639,0.2915236261666978,0.003747395877098955
196.49561952440553,33.94723657358606,6.693487305448673,1.0838553175891654,0.2914339575585276,0.003731305066643563
196.7459324155194,34.02017504474325,6.694419296373534,1.0837098622643542,0.2913444526227055,0.003715322573446513
196.9962453066333,34.09309113224709,6.695347300083122,1.083565112440658,0.29125511155132583,0.0036994474094437235
197.2465581977472,34.16598487710959,6.696271343337401,1.0834210629332235,0.2911659345251038,0.0036836785974684295
197.4968710888611,34.238856320374715,6.697191452660095,1.083277708606083,0.2910769217137273,0.003668015171042527
197.74718397997498,34.31170550311396,6.698107654342337,1.0831350443713468,0.2909880732762097,0.00365245617416795
197.99749687108888,34.384532466422,6.699019974446296,1.0829930651883963,0.29089938936124243,0.0036370006611180145
198.24780976220276,34.45733725141224,6.6999284388088265,1.0828517660630768,0.29081087010754736,0.0036216476962287916
198.49812265331664,34.53011989930442,6.70083307299,1.0827111420596263,0.29072251563711804,0.003606396357308254
198.74843554443055,34.60288045165671,6.701733902134961,1.082571188332646,0.2906343260372748,0.003591245744736642
198.99874843554443,34.67561894979312,6.702630951318152,1.082431900047559,0.29054630140497034,0.003576194958896434
199.24906132665834,34.748335435022845,6.703524245412863,1.0822932724108003,0.2904584418298378,0.003561243108767353
199.4993742177722,34.821029948669995,6.704413809074386,1.0821553006737448,0.2903707473918993,0.003546389313062975
199.74968710888612,34.89370253207008,6.705299666743161,1.0820179801320136,0.2902832181618553,0.003531632700054036
200.0,34.96635322656636,6.706181842647936,1.081881306124778,0.2901958542013746,0.003516972407391777
